0 1 rodoviario 90 50 60 0 0 0 593
0 2 rodoviario 90 50 60 0 0 0 1166
0 3 rodoviario 90 50 60 0 0 0 951
0 3 ferroviario 60 70000 20 0 0 0 951
0 4 rodoviario 90 50 60 0 0 0 1362
0 4 ferroviario 60 70000 20 0 0 0 1362
0 5 rodoviario 90 50 60 0 0 0 1585
0 5 ferroviario 60 70000 20 0 0 0 1585
0 6 rodoviario 90 50 60 0 0 0 1735
0 6 ferroviario 60 70000 20 0 0 0 1735
0 7 rodoviario 90 50 60 0 0 0 2152
0 7 ferroviario 60 70000 20 0 0 0 2152
0 8 rodoviario 90 50 60 0 0 0 2494
0 8 ferroviario 60 70000 20 0 0 0 2494
0 9 rodoviario 90 50 60 0 0 0 2545
0 9 ferroviario 60 70000 20 0 0 0 2545
0 10 rodoviario 90 50 60 0 0 0 2557
0 10 ferroviario 60 70000 20 0 0 0 2557
0 11 rodoviario 90 50 60 0 0 0 2507
0 11 ferroviario 60 70000 20 0 0 0 2507
0 12 rodoviario 90 50 60 0 0 0 2413
0 13 rodoviario 90 50 60 0 0 0 2350
0 13 ferroviario 60 70000 20 0 0 0 2350
0 14 rodoviario 90 50 60 1 30 0 2297
0 14 ferroviario 60 70000 20 1 30 0 2297
0 15 rodoviario 90 50 60 0 0 0 2580
0 15 ferroviario 60 70000 20 0 0 0 2580
0 16 rodoviario 90 50 60 0 0 0 2563
0 16 ferroviario 60 70000 20 0 0 0 2563
0 17 rodoviario 90 50 60 0 0 0 2417
0 17 ferroviario 60 70000 20 0 0 0 2417
0 18 rodoviario 90 50 60 0 0 0 2458
0 18 ferroviario 60 70000 20 0 0 0 2458
0 19 rodoviario 90 50 60 0 0 0 2679
0 20 rodoviario 90 50 60 0 0 0 2813
0 20 ferroviario 60 70000 20 0 0 0 2813
0 21 rodoviario 90 50 60 0 0 0 1810
0 21 ferroviario 60 70000 20 0 0 0 1810
0 22 rodoviario 90 50 60 0 0 0 1304
0 23 rodoviario 90 50 60 0 0 0 1720
0 23 ferroviario 60 70000 20 0 0 0 1720
0 24 rodoviario 90 50 60 0 0 0 1742
0 24 ferroviario 60 70000 20 0 0 0 1742
0 25 rodoviario 90 50 60 0 0 0 3147
0 25 aquaviario 45 1000 40 0 0 6000 3147
0 25 aereo 0 100 800 0 0 60 3147
0 26 rodoviario 90 50 60 0 0 0 1870
0 26 aquaviario 45 1000 40 0 0 6000 1870
0 26 aereo 0 100 800 0 0 60 1870
0 27 rodoviario 90 50 60 0 0 0 2225
0 27 aquaviario 45 1000 40 0 0 6000 2225
0 27 aereo 0 100 800 0 0 60 2225
0 28 rodoviario 90 50 60 0 0 0 2294
0 28 aquaviario 45 1000 40 0 0 6000 2294
0 28 aereo 0 100 800 0 0 60 2294
0 29 rodoviario 90 50 60 0 0 0 1911
0 30 rodoviario 90 50 60 0 0 0 3191
0 30 aquaviario 45 1000 40 0 0 6000 3191
0 30 aereo 0 100 800 0 0 60 3191
0 31 rodoviario 90 50 60 0 0 0 3186
0 32 aereo 0 100 800 0 0 60 4546
0 32 aquaviario 45 1000 40 0 0 6000 4546
0 33 aereo 0 100 800 0 0 60 14333
0 33 aquaviario 45 1000 40 0 0 6000 14333
0 34 aereo 0 100 800 0 0 60 7443
0 34 aquaviario 45 1000 40 0 0 6000 7443
0 36 aereo 0 100 800 0 0 60 14299
0 36 aquaviario 45 1000 40 0 0 6000 14299
0 37 aereo 0 100 800 0 0 60 7473
0 37 aquaviario 45 1000 40 0 0 6000 7473
0 38 aereo 0 100 800 0 0 60 6732
0 38 aquaviario 45 1000 40 0 0 6000 6732
0 39 aereo 0 100 800 0 0 60 4461
0 39 aquaviario 45 1000 40 0 0 6000 4461
0 40 rodoviario 90 50 60 0 0 0 680
0 41 rodoviario 90 50 60 0 0 0 1035
1 0 rodoviario 90 50 60 0 0 0 593
1 0 ferroviario 60 70000 20 0 0 0 593
1 2 rodoviario 90 50 60 0 0 0 1292
1 3 rodoviario 90 50 60 0 0 0 1002
1 3 ferroviario 60 70000 20 0 0 0 1002
1 4 rodoviario 90 50 60 0 0 0 1789
1 4 ferroviario 60 70000 20 0 0 0 1789
1 5 rodoviario 90 50 60 0 0 0 1735
1 5 ferroviario 60 70000 20 0 0 0 1735
1 6 rodoviario 90 50 60 0 0 0 1957
1 6 ferroviario 60 70000 20 0 0 0 1957
1 7 rodoviario 90 50 60 0 0 0 2314
1 7 ferroviario 60 70000 20 0 0 0 2314
1 8 rodoviario 90 50 60 0 0 0 2691
1 8 ferroviario 60 70000 20 0 0 0 2691
1 9 rodoviario 90 50 60 0 0 0 2767
1 9 ferroviario 60 70000 20 0 0 0 2767
1 10 rodoviario 90 50 60 0 0 0 2798
1 10 ferroviario 60 70000 20 0 0 0 2798
1 11 rodoviario 90 50 60 0 0 0 2785
1 11 ferroviario 60 70000 20 0 0 0 2785
1 12 rodoviario 90 50 60 0 0 0 2725
1 13 rodoviario 90 50 60 0 0 0 2711
1 13 ferroviario 60 70000 20 0 0 0 2711
1 14 rodoviario 90 50 60 1 30 0 2799
1 14 ferroviario 60 70000 20 1 30 0 2799
1 15 rodoviario 90 50 60 0 0 0 3054
1 15 ferroviario 60 70000 20 0 0 0 3054
1 16 rodoviario 90 50 60 0 0 0 3082
1 16 ferroviario 60 70000 20 0 0 0 3082
1 17 rodoviario 90 50 60 0 0 0 2965
1 17 ferroviario 60 70000 20 0 0 0 2965
1 18 rodoviario 90 50 60 0 0 0 3029
1 18 ferroviario 60 70000 20 0 0 0 3029
1 19 rodoviario 90 50 60 0 0 0 3251
1 20 rodoviario 90 50 60 0 0 0 3398
1 20 ferroviario 60 70000 20 0 0 0 3398
1 21 rodoviario 90 50 60 0 0 0 2396
1 21 ferroviario 60 70000 20 0 0 0 2396
1 22 rodoviario 90 50 60 0 0 0 1891
1 23 rodoviario 90 50 60 0 0 0 2249
1 23 ferroviario 60 70000 20 0 0 0 2249
1 24 rodoviario 90 50 60 0 0 0 2246
1 24 ferroviario 60 70000 20 0 0 0 2246
1 25 rodoviario 90 50 60 0 0 0 3739
1 25 aereo 0 100 800 0 0 60 3739
1 26 rodoviario 90 50 60 0 0 0 1807
1 26 aereo 0 100 800 0 0 60 1807
1 27 rodoviario 90 50 60 0 0 0 2818
1 27 aereo 0 100 800 0 0 60 2818
1 28 rodoviario 90 50 60 0 0 0 2884
1 28 aereo 0 100 800 0 0 60 2884
1 29 rodoviario 90 50 60 0 0 0 2204
1 30 rodoviario 90 50 60 0 0 0 3784
1 30 aereo 0 100 800 0 0 60 3784
1 31 rodoviario 90 50 60 0 0 0 3738
1 32 aereo 0 100 800 0 0 60 3960
1 33 aereo 0 100 800 0 0 60 13749
1 34 aereo 0 100 800 0 0 60 6995
1 36 aereo 0 100 800 0 0 60 13739
1 37 aereo 0 100 800 0 0 60 7048
1 38 aereo 0 100 800 0 0 60 6357
1 39 aereo 0 100 800 0 0 60 4116
1 40 rodoviario 90 50 60 0 0 0 1197
1 41 rodoviario 90 50 60 0 0 0 1462
2 0 rodoviario 90 50 60 0 0 0 1166
2 0 ferroviario 60 70000 20 0 0 0 1166
2 1 rodoviario 90 50 60 0 0 0 1292
2 3 rodoviario 90 50 60 0 0 0 297
2 3 ferroviario 60 70000 20 0 0 0 297
2 4 rodoviario 90 50 60 0 0 0 871
2 4 ferroviario 60 70000 20 0 0 0 871
2 5 rodoviario 90 50 60 0 0 0 444
2 5 ferroviario 60 70000 20 0 0 0 444
2 6 rodoviario 90 50 60 0 0 0 677
2 6 ferroviario 60 70000 20 0 0 0 677
2 7 rodoviario 90 50 60 0 0 0 1025
2 7 ferroviario 60 70000 20 0 0 0 1025
2 8 rodoviario 90 50 60 0 0 0 1399
2 8 ferroviario 60 70000 20 0 0 0 1399
2 9 rodoviario 90 50 60 0 0 0 1476
2 9 ferroviario 60 70000 20 0 0 0 1476
2 10 rodoviario 90 50 60 0 0 0 1511
2 10 ferroviario 60 70000 20 0 0 0 1511
2 11 rodoviario 90 50 60 0 0 0 1514
2 11 ferroviario 60 70000 20 0 0 0 1514
2 12 rodoviario 90 50 60 0 0 0 1479
2 13 rodoviario 90 50 60 0 0 0 1518
2 13 ferroviario 60 70000 20 0 0 0 1518
2 14 rodoviario 90 50 60 1 30 0 1891
2 14 ferroviario 60 70000 20 1 30 0 1891
2 15 rodoviario 90 50 60 0 0 0 2044
2 15 ferroviario 60 70000 20 0 0 0 2044
2 16 rodoviario 90 50 60 0 0 0 2200
2 16 ferroviario 60 70000 20 0 0 0 2200
2 17 rodoviario 90 50 60 0 0 0 2211
2 17 ferroviario 60 70000 20 0 0 0 2211
2 18 rodoviario 90 50 60 0 0 0 2394
2 18 ferroviario 60 70000 20 0 0 0 2394
2 19 rodoviario 90 50 60 0 0 0 2606
2 20 rodoviario 90 50 60 0 0 0 2861
2 20 ferroviario 60 70000 20 0 0 0 2861
2 21 rodoviario 90 50 60 0 0 0 1987
2 21 ferroviario 60 70000 20 0 0 0 1987
2 22 rodoviario 90 50 60 0 0 0 1597
2 23 rodoviario 90 50 60 0 0 0 1521
2 23 ferroviario 60 70000 20 0 0 0 1521
2 24 rodoviario 90 50 60 0 0 0 1429
2 24 ferroviario 60 70000 20 0 0 0 1429
2 25 rodoviario 90 50 60 0 0 0 3433
2 25 aquaviario 45 1000 40 0 0 6000 3433
2 25 aereo 0 100 800 0 0 60 3433
2 26 rodoviario 90 50 60 0 0 0 3006
2 26 aquaviario 45 1000 40 0 0 6000 3006
2 26 aereo 0 100 800 0 0 60 3006
2 27 rodoviario 90 50 60 0 0 0 2536
2 27 aquaviario 45 1000 40 0 0 6000 2536
2 27 aereo 0 100 800 0 0 60 2536
2 28 rodoviario 90 50 60 0 0 0 2469
2 28 aquaviario 45 1000 40 0 0 6000 2469
2 28 aereo 0 100 800 0 0 60 2469
2 29 rodoviario 90 50 60 0 0 0 3028
2 30 rodoviario 90 50 60 0 0 0 3411
2 30 aquaviario 45 1000 40 0 0 6000 3411
2 30 aereo 0 100 800 0 0 60 3411
2 31 rodoviario 90 50 60 0 0 0 3810
2 32 aereo 0 100 800 0 0 60 4800
2 32 aquaviario 45 1000 40 0 0 6000 4800
2 33 aereo 0 100 800 0 0 60 13946
2 33 aquaviario 45 1000 40 0 0 6000 13946
2 34 aereo 0 100 800 0 0 60 6686
2 34 aquaviario 45 1000 40 0 0 6000 6686
2 36 aereo 0 100 800 0 0 60 14530
2 36 aquaviario 45 1000 40 0 0 6000 14530
2 37 aereo 0 100 800 0 0 60 6666
2 37 aquaviario 45 1000 40 0 0 6000 6666
2 38 aereo 0 100 800 0 0 60 5844
2 38 aquaviario 45 1000 40 0 0 6000 5844
2 39 aereo 0 100 800 0 0 60 5399
2 39 aquaviario 45 1000 40 0 0 6000 5399
2 40 rodoviario 90 50 60 0 0 0 1694
2 41 rodoviario 90 50 60 0 0 0 2103
3 0 rodoviario 90 50 60 0 0 0 951
3 0 ferroviario 60 70000 20 0 0 0 951
3 1 rodoviario 90 50 60 0 0 0 1002
3 2 rodoviario 90 50 60 0 0 0 297
3 4 rodoviario 90 50 60 0 0 0 1055
3 4 ferroviario 60 70000 20 0 0 0 1055
3 5 rodoviario 90 50 60 0 0 0 734
3 5 ferroviario 60 70000 20 0 0 0 734
3 6 rodoviario 90 50 60 0 0 0 973
3 6 ferroviario 60 70000 20 0 0 0 973
3 7 rodoviario 90 50 60 0 0 0 1312
3 7 ferroviario 60 70000 20 0 0 0 1312
3 8 rodoviario 90 50 60 0 0 0 1691
3 8 ferroviario 60 70000 20 0 0 0 1691
3 9 rodoviario 90 50 60 0 0 0 1771
3 9 ferroviario 60 70000 20 0 0 0 1771
3 10 rodoviario 90 50 60 0 0 0 1807
3 10 ferroviario 60 70000 20 0 0 0 1807
3 11 rodoviario 90 50 60 0 0 0 1810
3 11 ferroviario 60 70000 20 0 0 0 1810
3 12 rodoviario 90 50 60 0 0 0 1772
3 13 rodoviario 90 50 60 0 0 0 1800
3 13 ferroviario 60 70000 20 0 0 0 1800
3 14 rodoviario 90 50 60 1 30 0 2105
3 14 ferroviario 60 70000 20 1 30 0 2105
3 15 rodoviario 90 50 60 0 0 0 2287
3 15 ferroviario 60 70000 20 0 0 0 2287
3 16 rodoviario 90 50 60 0 0 0 2413
3 16 ferroviario 60 70000 20 0 0 0 2413
3 17 rodoviario 90 50 60 0 0 0 2391
3 17 ferroviario 60 70000 20 0 0 0 2391
3 18 rodoviario 90 50 60 0 0 0 2547
3 18 ferroviario 60 70000 20 0 0 0 2547
3 19 rodoviario 90 50 60 0 0 0 2766
3 20 rodoviario 90 50 60 0 0 0 2999
3 20 ferroviario 60 70000 20 0 0 0 2999
3 21 rodoviario 90 50 60 0 0 0 2073
3 21 ferroviario 60 70000 20 0 0 0 2073
3 22 rodoviario 90 50 60 0 0 0 1636
3 23 rodoviario 90 50 60 0 0 0 1677
3 23 ferroviario 60 70000 20 0 0 0 1677
3 24 rodoviario 90 50 60 0 0 0 1608
3 24 ferroviario 60 70000 20 0 0 0 1608
3 25 rodoviario 90 50 60 0 0 0 3523
3 25 aquaviario 45 1000 40 0 0 6000 3523
3 25 aereo 0 100 800 0 0 60 3523
3 26 rodoviario 90 50 60 0 0 0 2747
3 26 aquaviario 45 1000 40 0 0 6000 2747
3 26 aereo 0 100 800 0 0 60 2747
3 27 rodoviario 90 50 60 0 0 0 2605
3 27 aquaviario 45 1000 40 0 0 6000 2605
3 27 aereo 0 100 800 0 0 60 2605
3 28 rodoviario 90 50 60 0 0 0 2570
3 28 aquaviario 45 1000 40 0 0 6000 2570
3 28 aereo 0 100 800 0 0 60 2570
3 29 rodoviario 90 50 60 0 0 0 2853
3 30 rodoviario 90 50 60 0 0 0 3516
3 30 aquaviario 45 1000 40 0 0 6000 3516
3 30 aereo 0 100 800 0 0 60 3516
3 31 rodoviario 90 50 60 0 0 0 3816
3 32 aereo 0 100 800 0 0 60 4556
3 32 aquaviario 45 1000 40 0 0 6000 4556
3 33 aereo 0 100 800 0 0 60 13874
3 33 aquaviario 45 1000 40 0 0 6000 13874
3 34 aereo 0 100 800 0 0 60 6692
3 34 aquaviario 45 1000 40 0 0 6000 6692
3 36 aereo 0 100 800 0 0 60 14326
3 36 aquaviario 45 1000 40 0 0 6000 14326
3 37 aereo 0 100 800 0 0 60 6689
3 37 aquaviario 45 1000 40 0 0 6000 6689
3 38 aereo 0 100 800 0 0 60 5896
3 38 aquaviario 45 1000 40 0 0 6000 5896
3 39 aereo 0 100 800 0 0 60 5103
3 39 aquaviario 45 1000 40 0 0 6000 5103
3 40 rodoviario 90 50 60 0 0 0 1548
3 41 rodoviario 90 50 60 0 0 0 1946
4 0 rodoviario 90 50 60 0 0 0 1362
4 0 ferroviario 60 70000 20 0 0 0 1362
4 1 rodoviario 90 50 60 0 0 0 1789
4 2 rodoviario 90 50 60 0 0 0 871
4 3 rodoviario 90 50 60 0 0 0 1055
4 3 ferroviario 60 70000 20 0 0 0 1055
4 5 rodoviario 90 50 60 0 0 0 865
4 5 ferroviario 60 70000 20 0 0 0 865
4 6 rodoviario 90 50 60 0 0 0 748
4 6 ferroviario 60 70000 20 0 0 0 748
4 7 rodoviario 90 50 60 0 0 0 1166
4 7 ferroviario 60 70000 20 0 0 0 1166
4 8 rodoviario 90 50 60 0 0 0 1371
4 8 ferroviario 60 70000 20 0 0 0 1371
4 9 rodoviario 90 50 60 0 0 0 1369
4 9 ferroviario 60 70000 20 0 0 0 1369
4 10 rodoviario 90 50 60 0 0 0 1348
4 10 ferroviario 60 70000 20 0 0 0 1348
4 11 rodoviario 90 50 60 0 0 0 1247
4 11 ferroviario 60 70000 20 0 0 0 1247
4 12 rodoviario 90 50 60 0 0 0 1113
4 13 rodoviario 90 50 60 0 0 0 1004
4 13 ferroviario 60 70000 20 0 0 0 1004
4 14 rodoviario 90 50 60 1 30 0 1055
4 14 ferroviario 60 70000 20 1 30 0 1055
4 15 rodoviario 90 50 60 0 0 0 1272
4 15 ferroviario 60 70000 20 0 0 0 1272
4 16 rodoviario 90 50 60 0 0 0 1360
4 16 ferroviario 60 70000 20 0 0 0 1360
4 17 rodoviario 90 50 60 0 0 0 1343
4 17 ferroviario 60 70000 20 0 0 0 1343
4 18 rodoviario 90 50 60 0 0 0 1525
4 18 ferroviario 60 70000 20 0 0 0 1525
4 19 rodoviario 90 50 60 0 0 0 1736
4 20 rodoviario 90 50 60 0 0 0 1998
4 20 ferroviario 60 70000 20 0 0 0 1998
4 21 rodoviario 90 50 60 0 0 0 1191
4 21 ferroviario 60 70000 20 0 0 0 1191
4 22 rodoviario 90 50 60 0 0 0 931
4 23 rodoviario 90 50 60 0 0 0 655
4 23 ferroviario 60 70000 20 0 0 0 655
4 24 rodoviario 90 50 60 0 0 0 559
4 24 ferroviario 60 70000 20 0 0 0 559
4 25 rodoviario 90 50 60 0 0 0 2605
4 25 aereo 0 100 800 0 0 60 2605
4 26 rodoviario 90 50 60 0 0 0 3167
4 26 aereo 0 100 800 0 0 60 3167
4 27 rodoviario 90 50 60 0 0 0 1748
4 27 aereo 0 100 800 0 0 60 1748
4 28 rodoviario 90 50 60 0 0 0 1640
4 28 aereo 0 100 800 0 0 60 1640
4 29 rodoviario 90 50 60 0 0 0 2832
4 30 rodoviario 90 50 60 0 0 0 2567
4 30 aereo 0 100 800 0 0 60 2567
4 31 rodoviario 90 50 60 0 0 0 3100
4 32 aereo 0 100 800 0 0 60 5598
4 33 aereo 0 100 800 0 0 60 14760
4 34 aereo 0 100 800 0 0 60 7434
4 36 aereo 0 100 800 0 0 60 15381
4 37 aereo 0 100 800 0 0 60 7387
4 38 aereo 0 100 800 0 0 60 6523
4 39 aereo 0 100 800 0 0 60 5823
4 40 rodoviario 90 50 60 0 0 0 1540
4 41 rodoviario 90 50 60 0 0 0 1922
5 0 rodoviario 90 50 60 0 0 0 1585
5 0 ferroviario 60 70000 20 0 0 0 1585
5 1 rodoviario 90 50 60 0 0 0 1735
5 2 rodoviario 90 50 60 0 0 0 444
5 3 rodoviario 90 50 60 0 0 0 734
5 3 ferroviario 60 70000 20 0 0 0 734
5 4 rodoviario 90 50 60 0 0 0 865
5 4 ferroviario 60 70000 20 0 0 0 865
5 6 rodoviario 90 50 60 0 0 0 291
5 6 ferroviario 60 70000 20 0 0 0 291
5 7 rodoviario 90 50 60 0 0 0 581
5 7 ferroviario 60 70000 20 0 0 0 581
5 8 rodoviario 90 50 60 0 0 0 957
5 8 ferroviario 60 70000 20 0 0 0 957
5 9 rodoviario 90 50 60 0 0 0 1040
5 9 ferroviario 60 70000 20 0 0 0 1040
5 10 rodoviario 90 50 60 0 0 0 1081
5 10 ferroviario 60 70000 20 0 0 0 1081
5 11 rodoviario 90 50 60 0 0 0 1103
5 11 ferroviario 60 70000 20 0 0 0 1103
5 12 rodoviario 90 50 60 0 0 0 1097
5 13 rodoviario 90 50 60 0 0 0 1184
5 13 ferroviario 60 70000 20 0 0 0 1184
5 14 rodoviario 90 50 60 1 30 0 1729
5 14 ferroviario 60 70000 20 1 30 0 1729
5 15 rodoviario 90 50 60 0 0 0 1812
5 15 ferroviario 60 70000 20 0 0 0 1812
5 16 rodoviario 90 50 60 0 0 0 2033
5 16 ferroviario 60 70000 20 0 0 0 2033
5 17 rodoviario 90 50 60 0 0 0 2109
5 17 ferroviario 60 70000 20 0 0 0 2109
5 18 rodoviario 90 50 60 0 0 0 2336
5 18 ferroviario 60 70000 20 0 0 0 2336
5 19 rodoviario 90 50 60 0 0 0 2532
5 20 rodoviario 90 50 60 0 0 0 2821
5 20 ferroviario 60 70000 20 0 0 0 2821
5 21 rodoviario 90 50 60 0 0 0 2056
5 21 ferroviario 60 70000 20 0 0 0 2056
5 22 rodoviario 90 50 60 0 0 0 1753
5 23 rodoviario 90 50 60 0 0 0 1496
5 23 ferroviario 60 70000 20 0 0 0 1496
5 24 rodoviario 90 50 60 0 0 0 1368
5 24 ferroviario 60 70000 20 0 0 0 1368
5 25 rodoviario 90 50 60 0 0 0 3461
5 25 aquaviario 45 1000 40 0 0 6000 3461
5 25 aereo 0 100 800 0 0 60 3461
5 26 rodoviario 90 50 60 0 0 0 3441
5 26 aquaviario 45 1000 40 0 0 6000 3441
5 26 aereo 0 100 800 0 0 60 3441
5 27 rodoviario 90 50 60 0 0 0 2614
5 27 aquaviario 45 1000 40 0 0 6000 2614
5 27 aereo 0 100 800 0 0 60 2614
5 28 rodoviario 90 50 60 0 0 0 2500
5 28 aquaviario 45 1000 40 0 0 6000 2500
5 28 aereo 0 100 800 0 0 60 2500
5 29 rodoviario 90 50 60 0 0 0 3397
5 30 rodoviario 90 50 60 0 0 0 3414
5 30 aquaviario 45 1000 40 0 0 6000 3414
5 30 aereo 0 100 800 0 0 60 3414
5 31 rodoviario 90 50 60 0 0 0 3956
5 32 aereo 0 100 800 0 0 60 5096
5 32 aquaviario 45 1000 40 0 0 6000 5096
5 33 aereo 0 100 800 0 0 60 13900
5 33 aquaviario 45 1000 40 0 0 6000 13900
5 34 aereo 0 100 800 0 0 60 6568
5 34 aquaviario 45 1000 40 0 0 6000 6568
5 36 aereo 0 100 800 0 0 60 14703
5 36 aquaviario 45 1000 40 0 0 6000 14703
5 37 aereo 0 100 800 0 0 60 6523
5 37 aquaviario 45 1000 40 0 0 6000 6523
5 38 aereo 0 100 800 0 0 60 5666
5 38 aquaviario 45 1000 40 0 0 6000 5666
5 39 aereo 0 100 800 0 0 60 5835
5 39 aquaviario 45 1000 40 0 0 6000 5835
5 40 rodoviario 90 50 60 0 0 0 2053
5 41 rodoviario 90 50 60 0 0 0 2464
6 0 rodoviario 90 50 60 0 0 0 1735
6 0 ferroviario 60 70000 20 0 0 0 1735
6 1 rodoviario 90 50 60 0 0 0 1957
6 2 rodoviario 90 50 60 0 0 0 677
6 3 rodoviario 90 50 60 0 0 0 973
6 3 ferroviario 60 70000 20 0 0 0 973
6 4 rodoviario 90 50 60 0 0 0 748
6 4 ferroviario 60 70000 20 0 0 0 748
6 5 rodoviario 90 50 60 0 0 0 291
6 5 ferroviario 60 70000 20 0 0 0 291
6 7 rodoviario 90 50 60 0 0 0 446
6 7 ferroviario 60 70000 20 0 0 0 446
6 8 rodoviario 90 50 60 0 0 0 760
6 8 ferroviario 60 70000 20 0 0 0 760
6 9 rodoviario 90 50 60 0 0 0 817
6 9 ferroviario 60 70000 20 0 0 0 817
6 10 rodoviario 90 50 60 0 0 0 842
6 10 ferroviario 60 70000 20 0 0 0 842
6 11 rodoviario 90 50 60 0 0 0 837
6 11 ferroviario 60 70000 20 0 0 0 837
6 12 rodoviario 90 50 60 0 0 0 813
6 13 rodoviario 90 50 60 0 0 0 892
6 13 ferroviario 60 70000 20 0 0 0 892
6 14 rodoviario 90 50 60 1 30 0 1479
6 14 ferroviario 60 70000 20 1 30 0 1479
6 15 rodoviario 90 50 60 0 0 0 1536
6 15 ferroviario 60 70000 20 0 0 0 1536
6 16 rodoviario 90 50 60 0 0 0 1776
6 16 ferroviario 60 70000 20 0 0 0 1776
6 17 rodoviario 90 50 60 0 0 0 1878
6 17 ferroviario 60 70000 20 0 0 0 1878
6 18 rodoviario 90 50 60 0 0 0 2123
6 18 ferroviario 60 70000 20 0 0 0 2123
6 19 rodoviario 90 50 60 0 0 0 2310
6 20 rodoviario 90 50 60 0 0 0 2612
6 20 ferroviario 60 70000 20 0 0 0 2612
6 21 rodoviario 90 50 60 0 0 0 1917
6 21 ferroviario 60 70000 20 0 0 0 1917
6 22 rodoviario 90 50 60 0 0 0 1677
6 23 rodoviario 90 50 60 0 0 0 1319
6 23 ferroviario 60 70000 20 0 0 0 1319
6 24 rodoviario 90 50 60 0 0 0 1177
6 24 ferroviario 60 70000 20 0 0 0 1177
6 25 rodoviario 90 50 60 0 0 0 3280
6 25 aereo 0 100 800 0 0 60 3280
6 26 rodoviario 90 50 60 0 0 0 3605
6 26 aereo 0 100 800 0 0 60 3605
6 27 rodoviario 90 50 60 0 0 0 2469
6 27 aereo 0 100 800 0 0 60 2469
6 28 rodoviario 90 50 60 0 0 0 2331
6 28 aereo 0 100 800 0 0 60 2331
6 29 rodoviario 90 50 60 0 0 0 3464
6 30 rodoviario 90 50 60 0 0 0 3221
6 30 aereo 0 100 800 0 0 60 3221
6 31 rodoviario 90 50 60 0 0 0 3840
6 32 aereo 0 100 800 0 0 60 5387
6 33 aereo 0 100 800 0 0 60 14075
6 34 aereo 0 100 800 0 0 60 6727
6 36 aereo 0 100 800 0 0 60 14969
6 37 aereo 0 100 800 0 0 60 6667
6 38 aereo 0 100 800 0 0 60 5790
6 39 aereo 0 100 800 0 0 60 6071
6 40 rodoviario 90 50 60 0 0 0 2125
6 41 rodoviario 90 50 60 0 0 0 2531
7 0 rodoviario 90 50 60 0 0 0 2152
7 0 ferroviario 60 70000 20 0 0 0 2152
7 1 rodoviario 90 50 60 0 0 0 2314
7 2 rodoviario 90 50 60 0 0 0 1025
7 3 rodoviario 90 50 60 0 0 0 1312
7 3 ferroviario 60 70000 20 0 0 0 1312
7 4 rodoviario 90 50 60 0 0 0 1166
7 4 ferroviario 60 70000 20 0 0 0 1166
7 5 rodoviario 90 50 60 0 0 0 581
7 5 ferroviario 60 70000 20 0 0 0 581
7 6 rodoviario 90 50 60 0 0 0 446
7 6 ferroviario 60 70000 20 0 0 0 446
7 8 rodoviario 90 50 60 0 0 0 390
7 8 ferroviario 60 70000 20 0 0 0 390
7 9 rodoviario 90 50 60 0 0 0 497
7 9 ferroviario 60 70000 20 0 0 0 497
7 10 rodoviario 90 50 60 0 0 0 561
7 10 ferroviario 60 70000 20 0 0 0 561
7 11 rodoviario 90 50 60 0 0 0 649
7 11 ferroviario 60 70000 20 0 0 0 649
7 12 rodoviario 90 50 60 0 0 0 728
7 13 rodoviario 90 50 60 0 0 0 918
7 13 ferroviario 60 70000 20 0 0 0 918
7 14 rodoviario 90 50 60 0 0 0 1692
7 14 ferroviario 60 70000 20 0 0 0 1692
7 15 rodoviario 90 50 60 0 0 0 1659
7 15 ferroviario 60 70000 20 0 0 0 1659
7 16 rodoviario 90 50 60 0 0 0 1962
7 16 ferroviario 60 70000 20 0 0 0 1962
7 17 rodoviario 90 50 60 0 0 0 2125
7 17 ferroviario 60 70000 20 0 0 0 2125
7 18 rodoviario 90 50 60 0 0 0 2397
7 18 ferroviario 60 70000 20 0 0 0 2397
7 19 rodoviario 90 50 60 0 0 0 2562
7 20 rodoviario 90 50 60 0 0 0 2883
7 20 ferroviario 60 70000 20 0 0 0 2883
7 21 rodoviario 90 50 60 0 0 0 2289
7 21 ferroviario 60 70000 20 0 0 0 2289
7 22 rodoviario 90 50 60 0 0 0 2096
7 23 rodoviario 90 50 60 0 0 0 1667
7 23 ferroviario 60 70000 20 0 0 0 1667
7 24 rodoviario 90 50 60 0 0 0 1511
7 24 ferroviario 60 70000 20 0 0 0 1511
7 25 rodoviario 90 50 60 0 0 0 3589
7 25 aquaviario 45 1000 40 0 0 6000 3589
7 25 aereo 0 100 800 0 0 60 3589
7 26 rodoviario 90 50 60 0 0 0 4016
7 26 aquaviario 45 1000 40 0 0 6000 4016
7 26 aereo 0 100 800 0 0 60 4016
7 27 rodoviario 90 50 60 0 0 0 2829
7 27 aquaviario 45 1000 40 0 0 6000 2829
7 27 aereo 0 100 800 0 0 60 2829
7 28 rodoviario 90 50 60 0 0 0 2664
7 28 aquaviario 45 1000 40 0 0 6000 2664
7 28 aereo 0 100 800 0 0 60 2664
7 29 rodoviario 90 50 60 0 0 0 3909
7 30 rodoviario 90 50 60 0 0 0 3512
7 30 aquaviario 45 1000 40 0 0 6000 3512
7 30 aereo 0 100 800 0 0 60 3512
7 31 rodoviario 90 50 60 0 0 0 4217
7 32 aereo 0 100 800 0 0 60 5492
7 32 aquaviario 45 1000 40 0 0 6000 5492
7 33 aereo 0 100 800 0 0 60 13764
7 33 aquaviario 45 1000 40 0 0 6000 13764
7 34 aereo 0 100 800 0 0 60 6418
7 34 aquaviario 45 1000 40 0 0 6000 6418
7 36 aereo 0 100 800 0 0 60 14842
7 36 aquaviario 45 1000 40 0 0 6000 14842
7 37 aereo 0 100 800 0 0 60 6340
7 37 aquaviario 45 1000 40 0 0 6000 6340
7 38 aereo 0 100 800 0 0 60 5444
7 38 aquaviario 45 1000 40 0 0 6000 5444
7 39 aereo 0 100 800 0 0 60 6403
7 39 aquaviario 45 1000 40 0 0 6000 6403
7 40 rodoviario 90 50 60 0 0 0 2569
7 41 rodoviario 90 50 60 0 0 0 2977
8 0 rodoviario 90 50 60 0 0 0 2494
8 0 ferroviario 60 70000 20 0 0 0 2494
8 1 rodoviario 90 50 60 0 0 0 2691
8 2 rodoviario 90 50 60 0 0 0 1399
8 3 rodoviario 90 50 60 0 0 0 1691
8 3 ferroviario 60 70000 20 0 0 0 1691
8 4 rodoviario 90 50 60 0 0 0 1371
8 4 ferroviario 60 70000 20 0 0 0 1371
8 5 rodoviario 90 50 60 0 0 0 957
8 5 ferroviario 60 70000 20 0 0 0 957
8 6 rodoviario 90 50 60 0 0 0 760
8 6 ferroviario 60 70000 20 0 0 0 760
8 7 rodoviario 90 50 60 0 0 0 390
8 7 ferroviario 60 70000 20 0 0 0 390
8 9 rodoviario 90 50 60 0 0 0 134
8 9 ferroviario 60 70000 20 0 0 0 134
8 10 rodoviario 90 50 60 0 0 0 223
8 10 ferroviario 60 70000 20 0 0 0 223
8 11 rodoviario 90 50 60 0 0 0 382
8 11 ferroviario 60 70000 20 0 0 0 382
8 12 rodoviario 90 50 60 0 0 0 539
8 13 rodoviario 90 50 60 0 0 0 782
8 13 ferroviario 60 70000 20 0 0 0 782
8 14 rodoviario 90 50 60 0 0 0 1639
8 14 ferroviario 60 70000 20 0 0 0 1639
8 15 rodoviario 90 50 60 0 0 0 1526
8 15 ferroviario 60 70000 20 0 0 0 1526
8 16 rodoviario 90 50 60 0 0 0 1869
8 16 ferroviario 60 70000 20 0 0 0 1869
8 17 rodoviario 90 50 60 0 0 0 2083
8 17 ferroviario 60 70000 20 0 0 0 2083
8 18 rodoviario 90 50 60 0 0 0 2376
8 18 ferroviario 60 70000 20 0 0 0 2376
8 19 rodoviario 90 50 60 0 0 0 2514
8 20 rodoviario 90 50 60 0 0 0 2848
8 20 ferroviario 60 70000 20 0 0 0 2848
8 21 rodoviario 90 50 60 0 0 0 2386
8 21 ferroviario 60 70000 20 0 0 0 2386
8 22 rodoviario 90 50 60 0 0 0 2273
8 23 rodoviario 90 50 60 0 0 0 1753
8 23 ferroviario 60 70000 20 0 0 0 1753
8 24 rodoviario 90 50 60 0 0 0 1592
8 24 ferroviario 60 70000 20 0 0 0 1592
8 25 rodoviario 90 50 60 0 0 0 3583
8 25 aquaviario 45 1000 40 0 0 6000 3583
8 25 aereo 0 100 800 0 0 60 3583
8 26 rodoviario 90 50 60 0 0 0 4364
8 26 aquaviario 45 1000 40 0 0 6000 4364
8 26 aereo 0 100 800 0 0 60 4364
8 27 rodoviario 90 50 60 0 0 0 2899
8 27 aquaviario 45 1000 40 0 0 6000 2899
8 27 aereo 0 100 800 0 0 60 2899
8 28 rodoviario 90 50 60 0 0 0 2704
8 28 aquaviario 45 1000 40 0 0 6000 2704
8 28 aereo 0 100 800 0 0 60 2704
8 29 rodoviario 90 50 60 0 0 0 4186
8 30 rodoviario 90 50 60 0 0 0 3488
8 30 aquaviario 45 1000 40 0 0 6000 3488
8 30 aereo 0 100 800 0 0 60 3488
8 31 rodoviario 90 50 60 0 0 0 4295
8 32 aereo 0 100 800 0 0 60 5846
8 32 aquaviario 45 1000 40 0 0 6000 5846
8 33 aereo 0 100 800 0 0 60 13773
8 33 aquaviario 45 1000 40 0 0 6000 13773
8 34 aereo 0 100 800 0 0 60 6469
8 34 aquaviario 45 1000 40 0 0 6000 6469
8 36 aereo 0 100 800 0 0 60 15017
8 36 aquaviario 45 1000 40 0 0 6000 15017
8 37 aereo 0 100 800 0 0 60 6368
8 37 aquaviario 45 1000 40 0 0 6000 6368
8 38 aereo 0 100 800 0 0 60 5451
8 38 aquaviario 45 1000 40 0 0 6000 5451
8 39 aereo 0 100 800 0 0 60 6789
8 39 aquaviario 45 1000 40 0 0 6000 6789
8 40 rodoviario 90 50 60 0 0 0 2860
8 41 rodoviario 90 50 60 0 0 0 3260
9 0 rodoviario 90 50 60 0 0 0 2545
9 0 ferroviario 60 70000 20 0 0 0 2545
9 1 rodoviario 90 50 60 0 0 0 2767
9 2 rodoviario 90 50 60 0 0 0 1476
9 3 rodoviario 90 50 60 0 0 0 1771
9 3 ferroviario 60 70000 20 0 0 0 1771
9 4 rodoviario 90 50 60 0 0 0 1369
9 4 ferroviario 60 70000 20 0 0 0 1369
9 5 rodoviario 90 50 60 0 0 0 1040
9 5 ferroviario 60 70000 20 0 0 0 1040
9 6 rodoviario 90 50 60 0 0 0 817
9 6 ferroviario 60 70000 20 0 0 0 817
9 7 rodoviario 90 50 60 0 0 0 497
9 7 ferroviario 60 70000 20 0 0 0 497
9 8 rodoviario 90 50 60 0 0 0 134
9 8 ferroviario 60 70000 20 0 0 0 134
9 10 rodoviario 90 50 60 0 0 0 91
9 10 ferroviario 60 70000 20 0 0 0 91
9 11 rodoviario 90 50 60 0 0 0 264
9 11 ferroviario 60 70000 20 0 0 0 264
9 12 rodoviario 90 50 60 0 0 0 437
9 13 rodoviario 90 50 60 0 0 0 684
9 13 ferroviario 60 70000 20 0 0 0 684
9 14 rodoviario 90 50 60 0 0 0 1549
9 14 ferroviario 60 70000 20 0 0 0 1549
9 15 rodoviario 90 50 60 0 0 0 1417
9 15 ferroviario 60 70000 20 0 0 0 1417
9 16 rodoviario 90 50 60 0 0 0 1767
9 16 ferroviario 60 70000 20 0 0 0 1767
9 17 rodoviario 90 50 60 0 0 0 1993
9 17 ferroviario 60 70000 20 0 0 0 1993
9 18 rodoviario 90 50 60 0 0 0 2289
9 18 ferroviario 60 70000 20 0 0 0 2289
9 19 rodoviario 90 50 60 0 0 0 2420
9 20 rodoviario 90 50 60 0 0 0 2756
9 20 ferroviario 60 70000 20 0 0 0 2756
9 21 rodoviario 90 50 60 0 0 0 2334
9 21 ferroviario 60 70000 20 0 0 0 2334
9 22 rodoviario 90 50 60 0 0 0 2250
9 23 rodoviario 90 50 60 0 0 0 1703
9 23 ferroviario 60 70000 20 0 0 0 1703
9 24 rodoviario 90 50 60 0 0 0 1542
9 24 ferroviario 60 70000 20 0 0 0 1542
9 25 rodoviario 90 50 60 0 0 0 3497
9 25 aquaviario 45 1000 40 0 0 6000 3497
9 25 aereo 0 100 800 0 0 60 3497
9 26 rodoviario 90 50 60 0 0 0 4415
9 26 aquaviario 45 1000 40 0 0 6000 4415
9 26 aereo 0 100 800 0 0 60 4415
9 27 rodoviario 90 50 60 0 0 0 2836
9 27 aquaviario 45 1000 40 0 0 6000 2836
9 27 aereo 0 100 800 0 0 60 2836
9 28 rodoviario 90 50 60 0 0 0 2633
9 28 aquaviario 45 1000 40 0 0 6000 2633
9 28 aereo 0 100 800 0 0 60 2633
9 29 rodoviario 90 50 60 0 0 0 4197
9 30 rodoviario 90 50 60 0 0 0 3397
9 30 aquaviario 45 1000 40 0 0 6000 3397
9 30 aereo 0 100 800 0 0 60 3397
9 31 rodoviario 90 50 60 0 0 0 4232
9 32 aereo 0 100 800 0 0 60 5973
9 32 aquaviario 45 1000 40 0 0 6000 5973
9 33 aereo 0 100 800 0 0 60 13862
9 33 aquaviario 45 1000 40 0 0 6000 13862
9 34 aereo 0 100 800 0 0 60 6573
9 34 aquaviario 45 1000 40 0 0 6000 6573
9 36 aereo 0 100 800 0 0 60 15140
9 36 aquaviario 45 1000 40 0 0 6000 15140
9 37 aereo 0 100 800 0 0 60 6468
9 37 aquaviario 45 1000 40 0 0 6000 6468
9 38 aereo 0 100 800 0 0 60 5546
9 38 aquaviario 45 1000 40 0 0 6000 5546
9 39 aereo 0 100 800 0 0 60 6874
9 39 aquaviario 45 1000 40 0 0 6000 6874
9 40 rodoviario 90 50 60 0 0 0 2881
9 41 rodoviario 90 50 60 0 0 0 3277
10 0 rodoviario 90 50 60 0 0 0 2557
10 0 ferroviario 60 70000 20 0 0 0 2557
10 1 rodoviario 90 50 60 0 0 0 2798
10 2 rodoviario 90 50 60 0 0 0 1511
10 3 rodoviario 90 50 60 0 0 0 1807
10 3 ferroviario 60 70000 20 0 0 0 1807
10 4 rodoviario 90 50 60 0 0 0 1348
10 4 ferroviario 60 70000 20 0 0 0 1348
10 5 rodoviario 90 50 60 0 0 0 1081
10 5 ferroviario 60 70000 20 0 0 0 1081
10 6 rodoviario 90 50 60 0 0 0 842
10 6 ferroviario 60 70000 20 0 0 0 842
10 7 rodoviario 90 50 60 0 0 0 561
10 7 ferroviario 60 70000 20 0 0 0 561
10 8 rodoviario 90 50 60 0 0 0 223
10 8 ferroviario 60 70000 20 0 0 0 223
10 9 rodoviario 90 50 60 0 0 0 91
10 9 ferroviario 60 70000 20 0 0 0 91
10 11 rodoviario 90 50 60 0 0 0 179
10 11 ferroviario 60 70000 20 0 0 0 179
10 12 rodoviario 90 50 60 0 0 0 359
10 13 rodoviario 90 50 60 0 0 0 607
10 13 ferroviario 60 70000 20 0 0 0 607
10 14 rodoviario 90 50 60 0 0 0 1473
10 14 ferroviario 60 70000 20 0 0 0 1473
10 15 rodoviario 90 50 60 0 0 0 1332
10 15 ferroviario 60 70000 20 0 0 0 1332
10 16 rodoviario 90 50 60 0 0 0 1685
10 16 ferroviario 60 70000 20 0 0 0 1685
10 17 rodoviario 90 50 60 0 0 0 1917
10 17 ferroviario 60 70000 20 0 0 0 1917
10 18 rodoviario 90 50 60 0 0 0 2215
10 18 ferroviario 60 70000 20 0 0 0 2215
10 19 rodoviario 90 50 60 0 0 0 2341
10 20 rodoviario 90 50 60 0 0 0 2678
10 20 ferroviario 60 70000 20 0 0 0 2678
10 21 rodoviario 90 50 60 0 0 0 2280
10 21 ferroviario 60 70000 20 0 0 0 2280
10 22 rodoviario 90 50 60 0 0 0 2213
10 23 rodoviario 90 50 60 0 0 0 1651
10 23 ferroviario 60 70000 20 0 0 0 1651
10 24 rodoviario 90 50 60 0 0 0 1490
10 24 ferroviario 60 70000 20 0 0 0 1490
10 25 rodoviario 90 50 60 0 0 0 3422
10 25 aquaviario 45 1000 40 0 0 6000 3422
10 25 aereo 0 100 800 0 0 60 3422
10 26 rodoviario 90 50 60 0 0 0 4425
10 26 aquaviario 45 1000 40 0 0 6000 4425
10 26 aereo 0 100 800 0 0 60 4425
10 27 rodoviario 90 50 60 0 0 0 2774
10 27 aquaviario 45 1000 40 0 0 6000 2774
10 27 aereo 0 100 800 0 0 60 2774
10 28 rodoviario 90 50 60 0 0 0 2567
10 28 aquaviario 45 1000 40 0 0 6000 2567
10 28 aereo 0 100 800 0 0 60 2567
10 29 rodoviario 90 50 60 0 0 0 4180
10 30 rodoviario 90 50 60 0 0 0 3319
10 30 aquaviario 45 1000 40 0 0 6000 3319
10 30 aereo 0 100 800 0 0 60 3319
10 31 rodoviario 90 50 60 0 0 0 4168
10 32 aereo 0 100 800 0 0 60 6048
10 32 aquaviario 45 1000 40 0 0 6000 6048
10 33 aereo 0 100 800 0 0 60 13938
10 33 aquaviario 45 1000 40 0 0 6000 13938
10 34 aereo 0 100 800 0 0 60 6658
10 34 aquaviario 45 1000 40 0 0 6000 6658
10 36 aereo 0 100 800 0 0 60 15230
10 36 aquaviario 45 1000 40 0 0 6000 15230
10 37 aereo 0 100 800 0 0 60 6550
10 37 aquaviario 45 1000 40 0 0 6000 6550
10 38 aereo 0 100 800 0 0 60 5627
10 38 aquaviario 45 1000 40 0 0 6000 5627
10 39 aereo 0 100 800 0 0 60 6910
10 39 aquaviario 45 1000 40 0 0 6000 6910
10 40 rodoviario 90 50 60 0 0 0 2873
10 41 rodoviario 90 50 60 0 0 0 3264
11 0 rodoviario 90 50 60 0 0 0 2507
11 0 ferroviario 60 70000 20 0 0 0 2507
11 1 rodoviario 90 50 60 0 0 0 2785
11 2 rodoviario 90 50 60 0 0 0 1514
11 3 rodoviario 90 50 60 0 0 0 1810
11 3 ferroviario 60 70000 20 0 0 0 1810
11 4 rodoviario 90 50 60 0 0 0 1247
11 4 ferroviario 60 70000 20 0 0 0 1247
11 5 rodoviario 90 50 60 0 0 0 1103
11 5 ferroviario 60 70000 20 0 0 0 1103
11 6 rodoviario 90 50 60 0 0 0 837
11 6 ferroviario 60 70000 20 0 0 0 837
11 7 rodoviario 90 50 60 0 0 0 649
11 7 ferroviario 60 70000 20 0 0 0 649
11 8 rodoviario 90 50 60 0 0 0 382
11 8 ferroviario 60 70000 20 0 0 0 382
11 9 rodoviario 90 50 60 0 0 0 264
11 9 ferroviario 60 70000 20 0 0 0 264
11 10 rodoviario 90 50 60 0 0 0 179
11 10 ferroviario 60 70000 20 0 0 0 179
11 12 rodoviario 90 50 60 0 0 0 185
11 13 rodoviario 90 50 60 0 0 0 430
11 13 ferroviario 60 70000 20 0 0 0 430
11 14 rodoviario 90 50 60 0 0 0 1296
11 14 ferroviario 60 70000 20 0 0 0 1296
11 15 rodoviario 90 50 60 0 0 0 1153
11 15 ferroviario 60 70000 20 0 0 0 1153
11 16 rodoviario 90 50 60 0 0 0 1505
11 16 ferroviario 60 70000 20 0 0 0 1505
11 17 rodoviario 90 50 60 0 0 0 1739
11 17 ferroviario 60 70000 20 0 0 0 1739
11 18 rodoviario 90 50 60 0 0 0 2038
11 18 ferroviario 60 70000 20 0 0 0 2038
11 19 rodoviario 90 50 60 0 0 0 2163
11 20 rodoviario 90 50 60 0 0 0 2500
11 20 ferroviario 60 70000 20 0 0 0 2500
11 21 rodoviario 90 50 60 0 0 0 2122
11 21 ferroviario 60 70000 20 0 0 0 2122
11 22 rodoviario 90 50 60 0 0 0 2080
11 23 rodoviario 90 50 60 0 0 0 1497
11 23 ferroviario 60 70000 20 0 0 0 1497
11 24 rodoviario 90 50 60 0 0 0 1338
11 24 ferroviario 60 70000 20 0 0 0 1338
11 25 rodoviario 90 50 60 0 0 0 3245
11 25 aquaviario 45 1000 40 0 0 6000 3245
11 25 aereo 0 100 800 0 0 60 3245
11 26 rodoviario 90 50 60 0 0 0 4368
11 26 aquaviario 45 1000 40 0 0 6000 4368
11 26 aereo 0 100 800 0 0 60 4368
11 27 rodoviario 90 50 60 0 0 0 2608
11 27 aquaviario 45 1000 40 0 0 6000 2608
11 27 aereo 0 100 800 0 0 60 2608
11 28 rodoviario 90 50 60 0 0 0 2396
11 28 aquaviario 45 1000 40 0 0 6000 2396
11 28 aereo 0 100 800 0 0 60 2396
11 29 rodoviario 90 50 60 0 0 0 4075
11 30 rodoviario 90 50 60 0 0 0 3141
11 30 aquaviario 45 1000 40 0 0 6000 3141
11 30 aereo 0 100 800 0 0 60 3141
11 31 rodoviario 90 50 60 0 0 0 4000
11 32 aereo 0 100 800 0 0 60 6137
11 32 aquaviario 45 1000 40 0 0 6000 6137
11 33 aereo 0 100 800 0 0 60 14117
11 33 aquaviario 45 1000 40 0 0 6000 14117
11 34 aereo 0 100 800 0 0 60 6837
11 34 aquaviario 45 1000 40 0 0 6000 6837
11 36 aereo 0 100 800 0 0 60 15400
11 36 aquaviario 45 1000 40 0 0 6000 15400
11 37 aereo 0 100 800 0 0 60 6730
11 37 aquaviario 45 1000 40 0 0 6000 6730
11 38 aereo 0 100 800 0 0 60 5807
11 38 aquaviario 45 1000 40 0 0 6000 5807
11 39 aereo 0 100 800 0 0 60 6901
11 39 aquaviario 45 1000 40 0 0 6000 6901
11 40 rodoviario 90 50 60 0 0 0 2784
11 41 rodoviario 90 50 60 0 0 0 3169
12 0 rodoviario 90 50 60 0 0 0 2413
12 0 ferroviario 60 70000 20 0 0 0 2413
12 1 rodoviario 90 50 60 0 0 0 2725
12 2 rodoviario 90 50 60 0 0 0 1479
12 3 rodoviario 90 50 60 0 0 0 1772
12 3 ferroviario 60 70000 20 0 0 0 1772
12 4 rodoviario 90 50 60 0 0 0 1113
12 4 ferroviario 60 70000 20 0 0 0 1113
12 5 rodoviario 90 50 60 0 0 0 1097
12 5 ferroviario 60 70000 20 0 0 0 1097
12 6 rodoviario 90 50 60 0 0 0 813
12 6 ferroviario 60 70000 20 0 0 0 813
12 7 rodoviario 90 50 60 0 0 0 728
12 7 ferroviario 60 70000 20 0 0 0 728
12 8 rodoviario 90 50 60 0 0 0 539
12 8 ferroviario 60 70000 20 0 0 0 539
12 9 rodoviario 90 50 60 0 0 0 437
12 9 ferroviario 60 70000 20 0 0 0 437
12 10 rodoviario 90 50 60 0 0 0 359
12 10 ferroviario 60 70000 20 0 0 0 359
12 11 rodoviario 90 50 60 0 0 0 185
12 11 ferroviario 60 70000 20 0 0 0 185
12 13 rodoviario 90 50 60 0 0 0 248
12 13 ferroviario 60 70000 20 0 0 0 248
12 14 rodoviario 90 50 60 0 0 0 1114
12 14 ferroviario 60 70000 20 0 0 0 1114
12 15 rodoviario 90 50 60 0 0 0 987
12 15 ferroviario 60 70000 20 0 0 0 987
12 16 rodoviario 90 50 60 0 0 0 1331
12 16 ferroviario 60 70000 20 0 0 0 1331
12 17 rodoviario 90 50 60 0 0 0 1558
12 17 ferroviario 60 70000 20 0 0 0 1558
12 18 rodoviario 90 50 60 0 0 0 1855
12 18 ferroviario 60 70000 20 0 0 0 1855
12 19 rodoviario 90 50 60 0 0 0 1984
12 20 rodoviario 90 50 60 0 0 0 2320
12 20 ferroviario 60 70000 20 0 0 0 2320
12 21 rodoviario 90 50 60 0 0 0 1941
12 21 ferroviario 60 70000 20 0 0 0 1941
12 22 rodoviario 90 50 60 0 0 0 1915
12 23 rodoviario 90 50 60 0 0 0 1320
12 23 ferroviario 60 70000 20 0 0 0 1320
12 24 rodoviario 90 50 60 0 0 0 1161
12 24 ferroviario 60 70000 20 0 0 0 1161
12 25 rodoviario 90 50 60 0 0 0 3063
12 25 aquaviario 45 1000 40 0 0 6000 3063
12 25 aereo 0 100 800 0 0 60 3063
12 26 rodoviario 90 50 60 0 0 0 4261
12 26 aquaviario 45 1000 40 0 0 6000 4261
12 26 aereo 0 100 800 0 0 60 4261
12 27 rodoviario 90 50 60 0 0 0 2424
12 27 aquaviario 45 1000 40 0 0 6000 2424
12 27 aereo 0 100 800 0 0 60 2424
12 28 rodoviario 90 50 60 0 0 0 2211
12 28 aquaviario 45 1000 40 0 0 6000 2211
12 28 aereo 0 100 800 0 0 60 2211
12 29 rodoviario 90 50 60 0 0 0 3929
12 30 rodoviario 90 50 60 0 0 0 2961
12 30 aquaviario 45 1000 40 0 0 6000 2961
12 30 aereo 0 100 800 0 0 60 2961
12 31 rodoviario 90 50 60 0 0 0 3816
12 32 aereo 0 100 800 0 0 60 6175
12 32 aquaviario 45 1000 40 0 0 6000 6175
12 33 aereo 0 100 800 0 0 60 14297
12 33 aquaviario 45 1000 40 0 0 6000 14297
12 34 aereo 0 100 800 0 0 60 7007
12 34 aquaviario 45 1000 40 0 0 6000 7007
12 36 aereo 0 100 800 0 0 60 15543
12 36 aquaviario 45 1000 40 0 0 6000 15543
12 37 aereo 0 100 800 0 0 60 6904
12 37 aquaviario 45 1000 40 0 0 6000 6904
12 38 aereo 0 100 800 0 0 60 5983
12 38 aquaviario 45 1000 40 0 0 6000 5983
12 39 aereo 0 100 800 0 0 60 6836
12 39 aquaviario 45 1000 40 0 0 6000 6836
12 40 rodoviario 90 50 60 0 0 0 2653
12 41 rodoviario 90 50 60 0 0 0 3030
13 0 rodoviario 90 50 60 0 0 0 2350
13 0 ferroviario 60 70000 20 0 0 0 2350
13 1 rodoviario 90 50 60 0 0 0 2711
13 2 rodoviario 90 50 60 0 0 0 1518
13 3 rodoviario 90 50 60 0 0 0 1800
13 3 ferroviario 60 70000 20 0 0 0 1800
13 4 rodoviario 90 50 60 0 0 0 1004
13 4 ferroviario 60 70000 20 0 0 0 1004
13 5 rodoviario 90 50 60 0 0 0 1184
13 5 ferroviario 60 70000 20 0 0 0 1184
13 6 rodoviario 90 50 60 0 0 0 892
13 6 ferroviario 60 70000 20 0 0 0 892
13 7 rodoviario 90 50 60 0 0 0 918
13 7 ferroviario 60 70000 20 0 0 0 918
13 8 rodoviario 90 50 60 0 0 0 782
13 8 ferroviario 60 70000 20 0 0 0 782
13 9 rodoviario 90 50 60 0 0 0 684
13 9 ferroviario 60 70000 20 0 0 0 684
13 10 rodoviario 90 50 60 0 0 0 607
13 10 ferroviario 60 70000 20 0 0 0 607
13 11 rodoviario 90 50 60 0 0 0 430
13 11 ferroviario 60 70000 20 0 0 0 430
13 12 rodoviario 90 50 60 0 0 0 248
13 14 rodoviario 90 50 60 1 30 0 866
13 14 ferroviario 60 70000 20 1 30 0 866
13 15 rodoviario 90 50 60 0 0 0 752
13 15 ferroviario 60 70000 20 0 0 0 752
13 16 rodoviario 90 50 60 0 0 0 1087
13 16 ferroviario 60 70000 20 0 0 0 1087
13 17 rodoviario 90 50 60 0 0 0 1310
13 17 ferroviario 60 70000 20 0 0 0 1310
13 18 rodoviario 90 50 60 0 0 0 1608
13 18 ferroviario 60 70000 20 0 0 0 1608
13 19 rodoviario 90 50 60 0 0 0 1736
13 20 rodoviario 90 50 60 0 0 0 2072
13 20 ferroviario 60 70000 20 0 0 0 2072
13 21 rodoviario 90 50 60 0 0 0 1718
13 21 ferroviario 60 70000 20 0 0 0 1718
13 22 rodoviario 90 50 60 0 0 0 1730
13 23 rodoviario 90 50 60 0 0 0 1107
13 23 ferroviario 60 70000 20 0 0 0 1107
13 24 rodoviario 90 50 60 0 0 0 953
13 24 ferroviario 60 70000 20 0 0 0 953
13 25 rodoviario 90 50 60 0 0 0 2815
13 25 aquaviario 45 1000 40 0 0 6000 2815
13 25 aereo 0 100 800 0 0 60 2815
13 26 rodoviario 90 50 60 0 0 0 4171
13 26 aquaviario 45 1000 40 0 0 6000 4171
13 26 aereo 0 100 800 0 0 60 4171
13 27 rodoviario 90 50 60 0 0 0 2187
13 27 aquaviario 45 1000 40 0 0 6000 2187
13 27 aereo 0 100 800 0 0 60 2187
13 28 rodoviario 90 50 60 0 0 0 1969
13 28 aquaviario 45 1000 40 0 0 6000 1969
13 28 aereo 0 100 800 0 0 60 1969
13 29 rodoviario 90 50 60 0 0 0 3773
13 30 rodoviario 90 50 60 0 0 0 2713
13 30 aquaviario 45 1000 40 0 0 6000 2713
13 30 aereo 0 100 800 0 0 60 2713
13 31 rodoviario 90 50 60 0 0 0 3575
13 32 aereo 0 100 800 0 0 60 6279
13 32 aquaviario 45 1000 40 0 0 6000 6279
13 33 aereo 0 100 800 0 0 60 14545
13 33 aquaviario 45 1000 40 0 0 6000 14545
13 34 aereo 0 100 800 0 0 60 7250
13 34 aquaviario 45 1000 40 0 0 6000 7250
13 36 aereo 0 100 800 0 0 60 15758
13 36 aquaviario 45 1000 40 0 0 6000 15758
13 37 aereo 0 100 800 0 0 60 7149
13 37 aquaviario 45 1000 40 0 0 6000 7149
13 38 aereo 0 100 800 0 0 60 6230
13 38 aquaviario 45 1000 40 0 0 6000 6230
13 39 aereo 0 100 800 0 0 60 6802
13 39 aquaviario 45 1000 40 0 0 6000 6802
13 40 rodoviario 90 50 60 0 0 0 2528
13 41 rodoviario 90 50 60 0 0 0 2892
14 0 rodoviario 90 50 60 0 0 0 2297
14 0 ferroviario 60 70000 20 0 0 0 2297
14 1 rodoviario 90 50 60 0 0 0 2799
14 2 rodoviario 90 50 60 0 0 0 1891
14 3 rodoviario 90 50 60 0 0 0 2105
14 3 ferroviario 60 70000 20 0 0 0 2105
14 4 rodoviario 90 50 60 0 0 0 1055
14 4 ferroviario 60 70000 20 0 0 0 1055
14 5 rodoviario 90 50 60 0 0 0 1729
14 5 ferroviario 60 70000 20 0 0 0 1729
14 6 rodoviario 90 50 60 0 0 0 1479
14 6 ferroviario 60 70000 20 0 0 0 1479
14 7 rodoviario 90 50 60 0 0 0 1692
14 7 ferroviario 60 70000 20 0 0 0 1692
14 8 rodoviario 90 50 60 0 0 0 1639
14 8 ferroviario 60 70000 20 0 0 0 1639
14 9 rodoviario 90 50 60 0 0 0 1549
14 9 ferroviario 60 70000 20 0 0 0 1549
14 10 rodoviario 90 50 60 0 0 0 1473
14 10 ferroviario 60 70000 20 0 0 0 1473
14 11 rodoviario 90 50 60 0 0 0 1296
14 11 ferroviario 60 70000 20 0 0 0 1296
14 12 rodoviario 90 50 60 0 0 0 1114
14 13 rodoviario 90 50 60 0 0 0 866
14 13 ferroviario 60 70000 20 0 0 0 866
14 15 rodoviario 90 50 60 0 0 0 346
14 15 ferroviario 60 70000 20 0 0 0 346
14 16 rodoviario 90 50 60 0 0 0 310
14 16 ferroviario 60 70000 20 0 0 0 310
14 17 rodoviario 90 50 60 0 0 0 444
14 17 ferroviario 60 70000 20 0 0 0 444
14 18 rodoviario 90 50 60 0 0 0 742
14 18 ferroviario 60 70000 20 0 0 0 742
14 19 rodoviario 90 50 60 0 0 0 877
14 20 rodoviario 90 50 60 0 0 0 1209
14 20 ferroviario 60 70000 20 0 0 0 1209
14 21 rodoviario 90 50 60 0 0 0 1006
14 21 ferroviario 60 70000 20 0 0 0 1006
14 22 rodoviario 90 50 60 0 0 0 1236
14 23 rodoviario 90 50 60 0 0 0 598
14 23 ferroviario 60 70000 20 0 0 0 598
14 24 rodoviario 90 50 60 0 0 0 555
14 24 ferroviario 60 70000 20 0 0 0 555
14 25 rodoviario 90 50 60 0 0 0 1949
14 25 aereo 0 100 800 0 0 60 1949
14 26 rodoviario 90 50 60 0 0 0 3916
14 26 aereo 0 100 800 0 0 60 3916
14 27 rodoviario 90 50 60 0 0 0 1378
14 27 aereo 0 100 800 0 0 60 1378
14 28 rodoviario 90 50 60 0 0 0 1135
14 28 aereo 0 100 800 0 0 60 1135
14 29 rodoviario 90 50 60 0 0 0 3280
14 30 rodoviario 90 50 60 0 0 0 1849
14 30 aereo 0 100 800 0 0 60 1849
14 31 rodoviario 90 50 60 0 0 0 2738
14 32 aereo 0 100 800 0 0 60 6653
14 33 aereo 0 100 800 0 0 60 15411
14 34 aereo 0 100 800 0 0 60 8097
14 36 aereo 0 100 800 0 0 60 16419
14 37 aereo 0 100 800 0 0 60 8004
14 38 aereo 0 100 800 0 0 60 7090
14 39 aereo 0 100 800 0 0 60 6691
14 40 rodoviario 90 50 60 0 0 0 2224
14 41 rodoviario 90 50 60 0 0 0 2507
15 0 rodoviario 90 50 60 0 0 0 2580
15 0 ferroviario 60 70000 20 0 0 0 2580
15 1 rodoviario 90 50 60 0 0 0 3054
15 2 rodoviario 90 50 60 0 0 0 2044
15 3 rodoviario 90 50 60 0 0 0 2287
15 3 ferroviario 60 70000 20 0 0 0 2287
15 4 rodoviario 90 50 60 0 0 0 1272
15 4 ferroviario 60 70000 20 0 0 0 1272
15 5 rodoviario 90 50 60 0 0 0 1812
15 5 ferroviario 60 70000 20 0 0 0 1812
15 6 rodoviario 90 50 60 0 0 0 1536
15 6 ferroviario 60 70000 20 0 0 0 1536
15 7 rodoviario 90 50 60 0 0 0 1659
15 7 ferroviario 60 70000 20 0 0 0 1659
15 8 rodoviario 90 50 60 0 0 0 1526
15 8 ferroviario 60 70000 20 0 0 0 1526
15 9 rodoviario 90 50 60 0 0 0 1417
15 9 ferroviario 60 70000 20 0 0 0 1417
15 10 rodoviario 90 50 60 0 0 0 1332
15 10 ferroviario 60 70000 20 0 0 0 1332
15 11 rodoviario 90 50 60 0 0 0 1153
15 11 ferroviario 60 70000 20 0 0 0 1153
15 12 rodoviario 90 50 60 0 0 0 987
15 13 rodoviario 90 50 60 0 0 0 752
15 13 ferroviario 60 70000 20 0 0 0 752
15 14 rodoviario 90 50 60 0 0 0 346
15 14 ferroviario 60 70000 20 0 0 0 346
15 16 rodoviario 90 50 60 0 0 0 373
15 16 ferroviario 60 70000 20 0 0 0 373
15 17 rodoviario 90 50 60 0 0 0 673
15 17 ferroviario 60 70000 20 0 0 0 673
15 18 rodoviario 90 50 60 0 0 0 973
15 18 ferroviario 60 70000 20 0 0 0 973
15 19 rodoviario 90 50 60 0 0 0 1047
15 20 rodoviario 90 50 60 0 0 0 1385
15 20 ferroviario 60 70000 20 0 0 0 1385
15 21 rodoviario 90 50 60 0 0 0 1345
15 21 ferroviario 60 70000 20 0 0 0 1345
15 22 rodoviario 90 50 60 0 0 0 1577
15 23 rodoviario 90 50 60 0 0 0 925
15 23 ferroviario 60 70000 20 0 0 0 925
15 24 rodoviario 90 50 60 0 0 0 851
15 24 ferroviario 60 70000 20 0 0 0 851
15 25 rodoviario 90 50 60 0 0 0 2143
15 25 aquaviario 45 1000 40 0 0 6000 2143
15 25 aereo 0 100 800 0 0 60 2143
15 26 rodoviario 90 50 60 0 0 0 4246
15 26 aquaviario 45 1000 40 0 0 6000 4246
15 26 aereo 0 100 800 0 0 60 4246
15 27 rodoviario 90 50 60 0 0 0 1677
15 27 aquaviario 45 1000 40 0 0 6000 1677
15 27 aereo 0 100 800 0 0 60 1677
15 28 rodoviario 90 50 60 0 0 0 1419
15 28 aquaviario 45 1000 40 0 0 6000 1419
15 28 aereo 0 100 800 0 0 60 1419
15 29 rodoviario 90 50 60 0 0 0 3626
15 30 rodoviario 90 50 60 0 0 0 2022
15 30 aquaviario 45 1000 40 0 0 6000 2022
15 30 aereo 0 100 800 0 0 60 2022
15 31 rodoviario 90 50 60 0 0 0 3001
15 32 aereo 0 100 800 0 0 60 6841
15 32 aquaviario 45 1000 40 0 0 6000 6841
15 33 aereo 0 100 800 0 0 60 15234
15 33 aquaviario 45 1000 40 0 0 6000 15234
15 34 aereo 0 100 800 0 0 60 7990
15 34 aquaviario 45 1000 40 0 0 6000 7990
15 36 aereo 0 100 800 0 0 60 16495
15 36 aquaviario 45 1000 40 0 0 6000 16495
15 37 aereo 0 100 800 0 0 60 7880
15 37 aquaviario 45 1000 40 0 0 6000 7880
15 38 aereo 0 100 800 0 0 60 6953
15 38 aquaviario 45 1000 40 0 0 6000 6953
15 39 aereo 0 100 800 0 0 60 7005
15 39 aquaviario 45 1000 40 0 0 6000 7005
15 40 rodoviario 90 50 60 0 0 0 2552
15 41 rodoviario 90 50 60 0 0 0 2846
16 0 rodoviario 90 50 60 0 0 0 2563
16 0 ferroviario 60 70000 20 0 0 0 2563
16 1 rodoviario 90 50 60 0 0 0 3082
16 2 rodoviario 90 50 60 0 0 0 2200
16 3 rodoviario 90 50 60 0 0 0 2413
16 3 ferroviario 60 70000 20 0 0 0 2413
16 4 rodoviario 90 50 60 0 0 0 1360
16 4 ferroviario 60 70000 20 0 0 0 1360
16 5 rodoviario 90 50 60 0 0 0 2033
16 5 ferroviario 60 70000 20 0 0 0 2033
16 6 rodoviario 90 50 60 0 0 0 1776
16 6 ferroviario 60 70000 20 0 0 0 1776
16 7 rodoviario 90 50 60 0 0 0 1962
16 7 ferroviario 60 70000 20 0 0 0 1962
16 8 rodoviario 90 50 60 0 0 0 1869
16 8 ferroviario 60 70000 20 0 0 0 1869
16 9 rodoviario 90 50 60 0 0 0 1767
16 9 ferroviario 60 70000 20 0 0 0 1767
16 10 rodoviario 90 50 60 0 0 0 1685
16 10 ferroviario 60 70000 20 0 0 0 1685
16 11 rodoviario 90 50 60 0 0 0 1505
16 11 ferroviario 60 70000 20 0 0 0 1505
16 12 rodoviario 90 50 60 0 0 0 1331
16 13 rodoviario 90 50 60 0 0 0 1087
16 13 ferroviario 60 70000 20 0 0 0 1087
16 14 rodoviario 90 50 60 1 30 0 310
16 14 ferroviario 60 70000 20 1 30 0 310
16 15 rodoviario 90 50 60 0 0 0 373
16 15 ferroviario 60 70000 20 0 0 0 373
16 17 rodoviario 90 50 60 0 0 0 325
16 17 ferroviario 60 70000 20 0 0 0 325
16 18 rodoviario 90 50 60 0 0 0 611
16 18 ferroviario 60 70000 20 0 0 0 611
16 19 rodoviario 90 50 60 0 0 0 674
16 20 rodoviario 90 50 60 0 0 0 1012
16 20 ferroviario 60 70000 20 0 0 0 1012
16 21 rodoviario 90 50 60 0 0 0 1092
16 21 ferroviario 60 70000 20 0 0 0 1092
16 22 rodoviario 90 50 60 0 0 0 1422
16 23 rodoviario 90 50 60 0 0 0 844
16 23 ferroviario 60 70000 20 0 0 0 844
16 24 rodoviario 90 50 60 0 0 0 838
16 24 ferroviario 60 70000 20 0 0 0 838
16 25 rodoviario 90 50 60 0 0 0 1770
16 25 aquaviario 45 1000 40 0 0 6000 1770
16 25 aereo 0 100 800 0 0 60 1770
16 26 rodoviario 90 50 60 0 0 0 4117
16 26 aquaviario 45 1000 40 0 0 6000 4117
16 26 aereo 0 100 800 0 0 60 4117
16 27 rodoviario 90 50 60 0 0 0 1345
16 27 aquaviario 45 1000 40 0 0 6000 1345
16 27 aereo 0 100 800 0 0 60 1345
16 28 rodoviario 90 50 60 0 0 0 1077
16 28 aquaviario 45 1000 40 0 0 6000 1077
16 28 aereo 0 100 800 0 0 60 1077
16 29 rodoviario 90 50 60 0 0 0 3406
16 30 rodoviario 90 50 60 0 0 0 1650
16 30 aquaviario 45 1000 40 0 0 6000 1650
16 30 aereo 0 100 800 0 0 60 1650
16 31 rodoviario 90 50 60 0 0 0 2637
16 32 aereo 0 100 800 0 0 60 6957
16 32 aquaviario 45 1000 40 0 0 6000 6957
16 33 aereo 0 100 800 0 0 60 15605
16 33 aquaviario 45 1000 40 0 0 6000 15605
16 34 aereo 0 100 800 0 0 60 8338
16 34 aquaviario 45 1000 40 0 0 6000 8338
16 36 aereo 0 100 800 0 0 60 16728
16 36 aquaviario 45 1000 40 0 0 6000 16728
16 37 aereo 0 100 800 0 0 60 8235
16 37 aquaviario 45 1000 40 0 0 6000 8235
16 38 aereo 0 100 800 0 0 60 7312
16 38 aquaviario 45 1000 40 0 0 6000 7312
16 39 aereo 0 100 800 0 0 60 6913
16 39 aquaviario 45 1000 40 0 0 6000 6913
16 40 rodoviario 90 50 60 0 0 0 2434
16 41 rodoviario 90 50 60 0 0 0 2686
17 0 rodoviario 90 50 60 0 1 0 2417
17 0 ferroviario 60 70000 20 0 1 0 2417
17 1 rodoviario 90 50 60 0 1 0 2965
17 2 rodoviario 90 50 60 0 1 0 2211
17 3 rodoviario 90 50 60 0 1 0 2391
17 3 ferroviario 60 70000 20 0 1 0 2391
17 4 rodoviario 90 50 60 0 1 0 1343
17 4 ferroviario 60 70000 20 0 1 0 1343
17 5 rodoviario 90 50 60 0 1 0 2109
17 5 ferroviario 60 70000 20 0 1 0 2109
17 6 rodoviario 90 50 60 0 1 0 1878
17 6 ferroviario 60 70000 20 0 1 0 1878
17 7 rodoviario 90 50 60 0 1 0 2125
17 7 ferroviario 60 70000 20 0 1 0 2125
17 8 rodoviario 90 50 60 0 1 0 2083
17 8 ferroviario 60 70000 20 0 1 0 2083
17 9 rodoviario 90 50 60 0 1 0 1993
17 9 ferroviario 60 70000 20 0 1 0 1993
17 10 rodoviario 90 50 60 0 1 0 1917
17 10 ferroviario 60 70000 20 0 1 0 1917
17 11 rodoviario 90 50 60 0 1 0 1739
17 11 ferroviario 60 70000 20 0 1 0 1739
17 12 rodoviario 90 50 60 0 1 0 1558
17 13 rodoviario 90 50 60 0 1 0 1310
17 13 ferroviario 60 70000 20 0 1 0 1310
17 14 rodoviario 90 50 60 1 1 0 444
17 14 ferroviario 60 70000 20 1 1 0 444
17 15 rodoviario 90 50 60 0 1 0 673
17 15 ferroviario 60 70000 20 0 1 0 673
17 16 rodoviario 90 50 60 0 1 0 325
17 16 ferroviario 60 70000 20 0 1 0 325
17 18 rodoviario 90 50 60 0 1 0 305
17 18 ferroviario 60 70000 20 0 1 0 305
17 19 rodoviario 90 50 60 0 1 0 438
17 20 rodoviario 90 50 60 0 1 0 765
17 20 ferroviario 60 70000 20 0 1 0 765
17 21 rodoviario 90 50 60 0 1 0 803
17 21 ferroviario 60 70000 20 0 1 0 803
17 22 rodoviario 90 50 60 0 1 0 1194
17 23 rodoviario 90 50 60 0 1 0 728
17 23 ferroviario 60 70000 20 0 1 0 728
17 24 rodoviario 90 50 60 0 1 0 785
17 24 ferroviario 60 70000 20 0 1 0 785
17 25 rodoviario 90 50 60 0 1 0 1506
17 25 aquaviario 45 1000 40 0 0 6000 1506
17 25 aereo 0 100 800 0 0 60 1506
17 26 rodoviario 90 50 60 0 1 0 3875
17 26 aquaviario 45 1000 40 0 0 6000 3875
17 26 aereo 0 100 800 0 0 60 3875
17 27 rodoviario 90 50 60 0 1 0 1020
17 27 aquaviario 45 1000 40 0 0 6000 1020
17 27 aereo 0 100 800 0 0 60 1020
17 28 rodoviario 90 50 60 0 1 0 753
17 28 aquaviario 45 1000 40 0 0 6000 753
17 28 aereo 0 100 800 0 0 60 753
17 29 rodoviario 90 50 60 0 1 0 3114
17 30 rodoviario 90 50 60 0 1 0 1404
17 30 aquaviario 45 1000 40 0 0 6000 1404
17 30 aereo 0 100 800 0 0 60 1404
17 31 rodoviario 90 50 60 0 1 0 2328
17 32 aereo 0 100 800 0 0 60 6891
17 32 aquaviario 45 1000 40 0 0 6000 6891
17 33 aereo 0 100 800 0 0 60 15855
17 33 aquaviario 45 1000 40 0 0 6000 15855
17 34 aereo 0 100 800 0 0 60 8537
17 34 aquaviario 45 1000 40 0 0 6000 8537
17 36 aereo 0 100 800 0 0 60 16698
17 36 aquaviario 45 1000 40 0 0 6000 16698
17 37 aereo 0 100 800 0 0 60 8447
17 37 aquaviario 45 1000 40 0 0 6000 8447
17 38 aereo 0 100 800 0 0 60 7534
17 38 aquaviario 45 1000 40 0 0 6000 7534
17 39 aereo 0 100 800 0 0 60 6686
17 39 aquaviario 45 1000 40 0 0 6000 6686
17 40 rodoviario 90 50 60 0 1 0 2213
17 41 rodoviario 90 50 60 0 1 0 2433
18 0 rodoviario 90 50 60 0 0 0 2458
18 0 ferroviario 60 70000 20 0 0 0 2458
18 1 rodoviario 90 50 60 0 0 0 3029
18 2 rodoviario 90 50 60 0 0 0 2394
18 3 rodoviario 90 50 60 0 0 0 2547
18 3 ferroviario 60 70000 20 0 0 0 2547
18 4 rodoviario 90 50 60 0 0 0 1525
18 4 ferroviario 60 70000 20 0 0 0 1525
18 5 rodoviario 90 50 60 0 0 0 2336
18 5 ferroviario 60 70000 20 0 0 0 2336
18 6 rodoviario 90 50 60 0 0 0 2123
18 6 ferroviario 60 70000 20 0 0 0 2123
18 7 rodoviario 90 50 60 0 0 0 2397
18 7 ferroviario 60 70000 20 0 0 0 2397
18 8 rodoviario 90 50 60 0 0 0 2376
18 8 ferroviario 60 70000 20 0 0 0 2376
18 9 rodoviario 90 50 60 0 0 0 2289
18 9 ferroviario 60 70000 20 0 0 0 2289
18 10 rodoviario 90 50 60 0 0 0 2215
18 10 ferroviario 60 70000 20 0 0 0 2215
18 11 rodoviario 90 50 60 0 0 0 2038
18 11 ferroviario 60 70000 20 0 0 0 2038
18 12 rodoviario 90 50 60 0 0 0 1855
18 13 rodoviario 90 50 60 0 0 0 1608
18 13 ferroviario 60 70000 20 0 0 0 1608
18 14 rodoviario 90 50 60 1 30 0 742
18 14 ferroviario 60 70000 20 1 30 0 742
18 15 rodoviario 90 50 60 0 0 0 973
18 15 ferroviario 60 70000 20 0 0 0 973
18 16 rodoviario 90 50 60 0 0 0 611
18 16 ferroviario 60 70000 20 0 0 0 611
18 17 rodoviario 90 50 60 0 0 0 305
18 17 ferroviario 60 70000 20 0 0 0 305
18 19 rodoviario 90 50 60 0 0 0 223
18 20 rodoviario 90 50 60 0 0 0 489
18 20 ferroviario 60 70000 20 0 0 0 489
18 21 rodoviario 90 50 60 0 0 0 702
18 21 ferroviario 60 70000 20 0 0 0 702
18 22 rodoviario 90 50 60 0 0 0 1174
18 23 rodoviario 90 50 60 0 0 0 874
18 23 ferroviario 60 70000 20 0 0 0 874
18 24 rodoviario 90 50 60 0 0 0 974
18 24 ferroviario 60 70000 20 0 0 0 974
18 25 rodoviario 90 50 60 0 0 0 1208
18 25 aereo 0 100 800 0 0 60 1208
18 26 rodoviario 90 50 60 0 0 0 3787
18 26 aereo 0 100 800 0 0 60 3787
18 27 rodoviario 90 50 60 0 0 0 760
18 27 aereo 0 100 800 0 0 60 760
18 28 rodoviario 90 50 60 0 0 0 485
18 28 aereo 0 100 800 0 0 60 485
18 29 rodoviario 90 50 60 0 0 0 2950
18 30 rodoviario 90 50 60 0 0 0 1116
18 30 aereo 0 100 800 0 0 60 1116
18 31 rodoviario 90 50 60 0 0 0 2028
18 32 aereo 0 100 800 0 0 60 6982
18 33 aereo 0 100 800 0 0 60 16149
18 34 aereo 0 100 800 0 0 60 8815
18 36 aereo 0 100 800 0 0 60 16749
18 37 aereo 0 100 800 0 0 60 8731
18 38 aereo 0 100 800 0 0 60 7823
18 39 aereo 0 100 800 0 0 60 6607
18 40 rodoviario 90 50 60 0 0 0 2168
18 41 rodoviario 90 50 60 0 0 0 2341
19 0 rodoviario 90 50 60 0 0 0 2679
19 0 ferroviario 60 70000 20 0 0 0 2679
19 1 rodoviario 90 50 60 0 0 0 3251
19 2 rodoviario 90 50 60 0 0 0 2606
19 3 rodoviario 90 50 60 0 0 0 2766
19 3 ferroviario 60 70000 20 0 0 0 2766
19 4 rodoviario 90 50 60 0 0 0 1736
19 4 ferroviario 60 70000 20 0 0 0 1736
19 5 rodoviario 90 50 60 0 0 0 2532
19 5 ferroviario 60 70000 20 0 0 0 2532
19 6 rodoviario 90 50 60 0 0 0 2310
19 6 ferroviario 60 70000 20 0 0 0 2310
19 7 rodoviario 90 50 60 0 0 0 2562
19 7 ferroviario 60 70000 20 0 0 0 2562
19 8 rodoviario 90 50 60 0 0 0 2514
19 8 ferroviario 60 70000 20 0 0 0 2514
19 9 rodoviario 90 50 60 0 0 0 2420
19 9 ferroviario 60 70000 20 0 0 0 2420
19 10 rodoviario 90 50 60 0 0 0 2341
19 10 ferroviario 60 70000 20 0 0 0 2341
19 11 rodoviario 90 50 60 0 0 0 2163
19 11 ferroviario 60 70000 20 0 0 0 2163
19 12 rodoviario 90 50 60 0 0 0 1984
19 13 rodoviario 90 50 60 0 0 0 1736
19 13 ferroviario 60 70000 20 0 0 0 1736
19 14 rodoviario 90 50 60 1 30 0 877
19 14 ferroviario 60 70000 20 1 30 0 877
19 15 rodoviario 90 50 60 0 0 0 1047
19 15 ferroviario 60 70000 20 0 0 0 1047
19 16 rodoviario 90 50 60 0 0 0 674
19 16 ferroviario 60 70000 20 0 0 0 674
19 17 rodoviario 90 50 60 0 0 0 438
19 17 ferroviario 60 70000 20 0 0 0 438
19 18 rodoviario 90 50 60 0 0 0 223
19 18 ferroviario 60 70000 20 0 0 0 223
19 20 rodoviario 90 50 60 0 0 0 339
19 20 ferroviario 60 70000 20 0 0 0 339
19 21 rodoviario 90 50 60 0 0 0 903
19 21 ferroviario 60 70000 20 0 0 0 903
19 22 rodoviario 90 50 60 0 0 0 1388
19 23 rodoviario 90 50 60 0 0 0 1090
19 23 ferroviario 60 70000 20 0 0 0 1090
19 24 rodoviario 90 50 60 0 0 0 1180
19 24 ferroviario 60 70000 20 0 0 0 1180
19 25 rodoviario 90 50 60 0 0 0 1097
19 25 aquaviario 45 1000 40 0 0 6000 1097
19 25 aereo 0 100 800 0 0 60 1097
19 26 rodoviario 90 50 60 0 0 0 3970
19 26 aquaviario 45 1000 40 0 0 6000 3970
19 26 aereo 0 100 800 0 0 60 3970
19 27 rodoviario 90 50 60 0 0 0 850
19 27 aquaviario 45 1000 40 0 0 6000 850
19 27 aereo 0 100 800 0 0 60 850
19 28 rodoviario 90 50 60 0 0 0 584
19 28 aquaviario 45 1000 40 0 0 6000 584
19 28 aereo 0 100 800 0 0 60 584
19 29 rodoviario 90 50 60 0 0 0 3094
19 30 rodoviario 90 50 60 0 0 0 980
19 30 aquaviario 45 1000 40 0 0 6000 980
19 30 aereo 0 100 800 0 0 60 980
19 31 rodoviario 90 50 60 0 0 0 1995
19 32 aereo 0 100 800 0 0 60 7205
19 32 aquaviario 45 1000 40 0 0 6000 7205
19 33 aereo 0 100 800 0 0 60 16276
19 33 aquaviario 45 1000 40 0 0 6000 16276
19 34 aereo 0 100 800 0 0 60 8973
19 34 aquaviario 45 1000 40 0 0 6000 8973
19 36 aereo 0 100 800 0 0 60 16959
19 36 aquaviario 45 1000 40 0 0 6000 16959
19 37 aereo 0 100 800 0 0 60 8881
19 37 aquaviario 45 1000 40 0 0 6000 8881
19 38 aereo 0 100 800 0 0 60 7965
19 38 aquaviario 45 1000 40 0 0 6000 7965
19 39 aereo 0 100 800 0 0 60 6789
19 39 aquaviario 45 1000 40 0 0 6000 6789
19 40 rodoviario 90 50 60 0 0 0 2371
19 41 rodoviario 90 50 60 0 0 0 2526
20 0 rodoviario 90 50 60 0 0 0 2813
20 0 ferroviario 60 70000 20 0 0 0 2813
20 1 rodoviario 90 50 60 0 0 0 3398
20 2 rodoviario 90 50 60 0 0 0 2861
20 3 rodoviario 90 50 60 0 0 0 2999
20 3 ferroviario 60 70000 20 0 0 0 2999
20 4 rodoviario 90 50 60 0 0 0 1998
20 4 ferroviario 60 70000 20 0 0 0 1998
20 5 rodoviario 90 50 60 0 0 0 2821
20 5 ferroviario 60 70000 20 0 0 0 2821
20 6 rodoviario 90 50 60 0 0 0 2612
20 6 ferroviario 60 70000 20 0 0 0 2612
20 7 rodoviario 90 50 60 0 0 0 2883
20 7 ferroviario 60 70000 20 0 0 0 2883
20 8 rodoviario 90 50 60 0 0 0 2848
20 8 ferroviario 60 70000 20 0 0 0 2848
20 9 rodoviario 90 50 60 0 0 0 2756
20 9 ferroviario 60 70000 20 0 0 0 2756
20 10 rodoviario 90 50 60 0 0 0 2678
20 10 ferroviario 60 70000 20 0 0 0 2678
20 11 rodoviario 90 50 60 0 0 0 2500
20 11 ferroviario 60 70000 20 0 0 0 2500
20 12 rodoviario 90 50 60 0 0 0 2320
20 13 rodoviario 90 50 60 0 0 0 2072
20 13 ferroviario 60 70000 20 0 0 0 2072
20 14 rodoviario 90 50 60 1 30 0 1209
20 14 ferroviario 60 70000 20 1 30 0 1209
20 15 rodoviario 90 50 60 0 0 0 1385
20 15 ferroviario 60 70000 20 0 0 0 1385
20 16 rodoviario 90 50 60 0 0 0 1012
20 16 ferroviario 60 70000 20 0 0 0 1012
20 17 rodoviario 90 50 60 0 0 0 765
20 17 ferroviario 60 70000 20 0 0 0 765
20 18 rodoviario 90 50 60 0 0 0 489
20 18 ferroviario 60 70000 20 0 0 0 489
20 19 rodoviario 90 50 60 0 0 0 339
20 21 rodoviario 90 50 60 0 0 0 1003
20 21 ferroviario 60 70000 20 0 0 0 1003
20 22 rodoviario 90 50 60 0 0 0 1509
20 23 rodoviario 90 50 60 0 0 0 1343
20 23 ferroviario 60 70000 20 0 0 0 1343
20 24 rodoviario 90 50 60 0 0 0 1455
20 24 ferroviario 60 70000 20 0 0 0 1455
20 25 rodoviario 90 50 60 0 0 0 759
20 25 aquaviario 45 1000 40 0 0 6000 759
20 25 aereo 0 100 800 0 0 60 759
20 26 rodoviario 90 50 60 0 0 0 3952
20 26 aquaviario 45 1000 40 0 0 6000 3952
20 26 aereo 0 100 800 0 0 60 3952
20 27 rodoviario 90 50 60 0 0 0 741
20 27 aquaviario 45 1000 40 0 0 6000 741
20 27 aereo 0 100 800 0 0 60 741
20 28 rodoviario 90 50 60 0 0 0 543
20 28 aquaviario 45 1000 40 0 0 6000 543
20 28 aereo 0 100 800 0 0 60 543
20 29 rodoviario 90 50 60 0 0 0 2998
20 30 rodoviario 90 50 60 0 0 0 641
20 30 aquaviario 45 1000 40 0 0 6000 641
20 30 aereo 0 100 800 0 0 60 641
20 31 rodoviario 90 50 60 0 0 0 1691
20 32 aereo 0 100 800 0 0 60 7358
20 32 aquaviario 45 1000 40 0 0 6000 7358
20 33 aereo 0 100 800 0 0 60 16615
20 33 aquaviario 45 1000 40 0 0 6000 16615
20 34 aereo 0 100 800 0 0 60 9300
20 34 aquaviario 45 1000 40 0 0 6000 9300
20 36 aereo 0 100 800 0 0 60 16952
20 36 aquaviario 45 1000 40 0 0 6000 16952
20 37 aereo 0 100 800 0 0 60 9212
20 37 aquaviario 45 1000 40 0 0 6000 9212
20 38 aereo 0 100 800 0 0 60 8299
20 38 aquaviario 45 1000 40 0 0 6000 8299
20 39 aereo 0 100 800 0 0 60 6761
20 39 aquaviario 45 1000 40 0 0 6000 6761
20 40 rodoviario 90 50 60 0 0 0 2429
20 41 rodoviario 90 50 60 0 0 0 2528
21 0 rodoviario 90 50 60 0 0 0 1810
21 0 ferroviario 60 70000 20 0 0 0 1810
21 1 rodoviario 90 50 60 0 0 0 2396
21 2 rodoviario 90 50 60 0 0 0 1987
21 3 rodoviario 90 50 60 0 0 0 2073
21 3 ferroviario 60 70000 20 0 0 0 2073
21 4 rodoviario 90 50 60 0 0 0 1191
21 4 ferroviario 60 70000 20 0 0 0 1191
21 5 rodoviario 90 50 60 0 0 0 2056
21 5 ferroviario 60 70000 20 0 0 0 2056
21 6 rodoviario 90 50 60 0 0 0 1917
21 6 ferroviario 60 70000 20 0 0 0 1917
21 7 rodoviario 90 50 60 0 0 0 2289
21 7 ferroviario 60 70000 20 0 0 0 2289
21 8 rodoviario 90 50 60 0 0 0 2386
21 8 ferroviario 60 70000 20 0 0 0 2386
21 9 rodoviario 90 50 60 0 0 0 2334
21 9 ferroviario 60 70000 20 0 0 0 2334
21 10 rodoviario 90 50 60 0 0 0 2280
21 10 ferroviario 60 70000 20 0 0 0 2280
21 11 rodoviario 90 50 60 0 0 0 2122
21 11 ferroviario 60 70000 20 0 0 0 2122
21 12 rodoviario 90 50 60 0 0 0 1941
21 13 rodoviario 90 50 60 0 0 0 1718
21 13 ferroviario 60 70000 20 0 0 0 1718
21 14 rodoviario 90 50 60 1 30 0 1006
21 14 ferroviario 60 70000 20 1 30 0 1006
21 15 rodoviario 90 50 60 0 0 0 1345
21 15 ferroviario 60 70000 20 0 0 0 1345
21 16 rodoviario 90 50 60 0 0 0 1092
21 16 ferroviario 60 70000 20 0 0 0 1092
21 17 rodoviario 90 50 60 0 0 0 803
21 17 ferroviario 60 70000 20 0 0 0 803
21 18 rodoviario 90 50 60 0 0 0 702
21 18 ferroviario 60 70000 20 0 0 0 702
21 19 rodoviario 90 50 60 0 0 0 903
21 20 rodoviario 90 50 60 0 0 0 1003
21 20 ferroviario 60 70000 20 0 0 0 1003
21 22 rodoviario 90 50 60 0 0 0 505
21 23 rodoviario 90 50 60 0 0 0 633
21 23 ferroviario 60 70000 20 0 0 0 633
21 24 rodoviario 90 50 60 0 0 0 794
21 24 ferroviario 60 70000 20 0 0 0 794
21 25 rodoviario 90 50 60 0 0 0 1451
21 25 aereo 0 100 800 0 0 60 1451
21 26 rodoviario 90 50 60 0 0 0 3092
21 26 aereo 0 100 800 0 0 60 3092
21 27 rodoviario 90 50 60 0 0 0 558
21 27 aereo 0 100 800 0 0 60 558
21 28 rodoviario 90 50 60 0 0 0 503
21 28 aereo 0 100 800 0 0 60 503
21 29 rodoviario 90 50 60 0 0 0 2315
21 30 rodoviario 90 50 60 0 0 0 1446
21 30 aereo 0 100 800 0 0 60 1446
21 31 rodoviario 90 50 60 0 0 0 1928
21 32 aereo 0 100 800 0 0 60 6355
21 33 aereo 0 100 800 0 0 60 15933
21 34 aereo 0 100 800 0 0 60 8624
21 36 aereo 0 100 800 0 0 60 16056
21 37 aereo 0 100 800 0 0 60 8577
21 38 aereo 0 100 800 0 0 60 7707
21 39 aereo 0 100 800 0 0 60 5910
21 40 rodoviario 90 50 60 0 0 0 1468
21 41 rodoviario 90 50 60 0 0 0 1645
22 0 rodoviario 90 50 60 0 0 0 1304
22 0 ferroviario 60 70000 20 0 0 0 1304
22 1 rodoviario 90 50 60 0 0 0 1891
22 2 rodoviario 90 50 60 0 0 0 1597
22 3 rodoviario 90 50 60 0 0 0 1636
22 3 ferroviario 60 70000 20 0 0 0 1636
22 4 rodoviario 90 50 60 0 0 0 931
22 4 ferroviario 60 70000 20 0 0 0 931
22 5 rodoviario 90 50 60 0 0 0 1753
22 5 ferroviario 60 70000 20 0 0 0 1753
22 6 rodoviario 90 50 60 0 0 0 1677
22 6 ferroviario 60 70000 20 0 0 0 1677
22 7 rodoviario 90 50 60 0 0 0 2096
22 7 ferroviario 60 70000 20 0 0 0 2096
22 8 rodoviario 90 50 60 0 0 0 2273
22 8 ferroviario 60 70000 20 0 0 0 2273
22 9 rodoviario 90 50 60 0 0 0 2250
22 9 ferroviario 60 70000 20 0 0 0 2250
22 10 rodoviario 90 50 60 0 0 0 2213
22 10 ferroviario 60 70000 20 0 0 0 2213
22 11 rodoviario 90 50 60 0 0 0 2080
22 11 ferroviario 60 70000 20 0 0 0 2080
22 12 rodoviario 90 50 60 0 0 0 1915
22 13 rodoviario 90 50 60 0 0 0 1730
22 13 ferroviario 60 70000 20 0 0 0 1730
22 14 rodoviario 90 50 60 1 30 0 1236
22 14 ferroviario 60 70000 20 1 30 0 1236
22 15 rodoviario 90 50 60 0 0 0 1577
22 15 ferroviario 60 70000 20 0 0 0 1577
22 16 rodoviario 90 50 60 0 0 0 1422
22 16 ferroviario 60 70000 20 0 0 0 1422
22 17 rodoviario 90 50 60 0 0 0 1194
22 17 ferroviario 60 70000 20 0 0 0 1194
22 18 rodoviario 90 50 60 0 0 0 1174
22 18 ferroviario 60 70000 20 0 0 0 1174
22 19 rodoviario 90 50 60 0 0 0 1388
22 20 rodoviario 90 50 60 0 0 0 1509
22 20 ferroviario 60 70000 20 0 0 0 1509
22 21 rodoviario 90 50 60 0 0 0 505
22 21 ferroviario 60 70000 20 0 0 0 505
22 23 rodoviario 90 50 60 0 0 0 667
22 23 ferroviario 60 70000 20 0 0 0 667
22 24 rodoviario 90 50 60 0 0 0 794
22 24 ferroviario 60 70000 20 0 0 0 794
22 25 rodoviario 90 50 60 0 0 0 1909
22 25 aereo 0 100 800 0 0 60 1909
22 26 rodoviario 90 50 60 0 0 0 2695
22 26 aereo 0 100 800 0 0 60 2695
22 27 rodoviario 90 50 60 0 0 0 978
22 27 aereo 0 100 800 0 0 60 978
22 28 rodoviario 90 50 60 0 0 0 998
22 28 aereo 0 100 800 0 0 60 998
22 29 rodoviario 90 50 60 0 0 0 2071
22 30 rodoviario 90 50 60 0 0 0 1925
22 30 aereo 0 100 800 0 0 60 1925
22 31 rodoviario 90 50 60 0 0 0 2217
22 32 aereo 0 100 800 0 0 60 5850
22 33 aereo 0 100 800 0 0 60 15507
22 34 aereo 0 100 800 0 0 60 8281
22 36 aereo 0 100 800 0 0 60 15575
22 37 aereo 0 100 800 0 0 60 8255
22 38 aereo 0 100 800 0 0 60 7413
22 39 aereo 0 100 800 0 0 60 5496
22 40 rodoviario 90 50 60 0 0 0 1019
22 41 rodoviario 90 50 60 0 0 0 1272
23 0 rodoviario 90 50 60 0 0 0 1720
23 0 ferroviario 60 70000 20 0 0 0 1720
23 1 rodoviario 90 50 60 0 0 0 2249
23 2 rodoviario 90 50 60 0 0 0 1521
23 3 rodoviario 90 50 60 0 0 0 1677
23 3 ferroviario 60 70000 20 0 0 0 1677
23 4 rodoviario 90 50 60 0 0 0 655
23 4 ferroviario 60 70000 20 0 0 0 655
23 5 rodoviario 90 50 60 0 0 0 1496
23 5 ferroviario 60 70000 20 0 0 0 1496
23 6 rodoviario 90 50 60 0 0 0 1319
23 6 ferroviario 60 70000 20 0 0 0 1319
23 7 rodoviario 90 50 60 0 0 0 1667
23 7 ferroviario 60 70000 20 0 0 0 1667
23 8 rodoviario 90 50 60 0 0 0 1753
23 8 ferroviario 60 70000 20 0 0 0 1753
23 9 rodoviario 90 50 60 0 0 0 1703
23 9 ferroviario 60 70000 20 0 0 0 1703
23 10 rodoviario 90 50 60 0 0 0 1651
23 10 ferroviario 60 70000 20 0 0 0 1651
23 11 rodoviario 90 50 60 0 0 0 1497
23 11 ferroviario 60 70000 20 0 0 0 1497
23 12 rodoviario 90 50 60 0 0 0 1320
23 13 rodoviario 90 50 60 0 0 0 1107
23 13 ferroviario 60 70000 20 0 0 0 1107
23 14 rodoviario 90 50 60 1 30 0 598
23 14 ferroviario 60 70000 20 1 30 0 598
23 15 rodoviario 90 50 60 0 0 0 925
23 15 ferroviario 60 70000 20 0 0 0 925
23 16 rodoviario 90 50 60 0 0 0 844
23 16 ferroviario 60 70000 20 0 0 0 844
23 17 rodoviario 90 50 60 0 0 0 728
23 17 ferroviario 60 70000 20 0 0 0 728
23 18 rodoviario 90 50 60 0 0 0 874
23 18 ferroviario 60 70000 20 0 0 0 874
23 19 rodoviario 90 50 60 0 0 0 1090
23 20 rodoviario 90 50 60 0 0 0 1343
23 20 ferroviario 60 70000 20 0 0 0 1343
23 21 rodoviario 90 50 60 0 0 0 633
23 21 ferroviario 60 70000 20 0 0 0 633
23 22 rodoviario 90 50 60 0 0 0 667
23 24 rodoviario 90 50 60 0 0 0 161
23 24 ferroviario 60 70000 20 0 0 0 161
23 25 rodoviario 90 50 60 0 0 0 1966
23 25 aereo 0 100 800 0 0 60 1966
23 26 rodoviario 90 50 60 0 0 0 3322
23 26 aereo 0 100 800 0 0 60 3322
23 27 rodoviario 90 50 60 0 0 0 1163
23 27 aereo 0 100 800 0 0 60 1163
23 28 rodoviario 90 50 60 0 0 0 1011
23 28 aereo 0 100 800 0 0 60 1011
23 29 rodoviario 90 50 60 0 0 0 2737
23 30 rodoviario 90 50 60 0 0 0 1919
23 30 aereo 0 100 800 0 0 60 1919
23 31 rodoviario 90 50 60 0 0 0 2554
23 32 aereo 0 100 800 0 0 60 6163
23 33 aereo 0 100 800 0 0 60 15392
23 34 aereo 0 100 800 0 0 60 8046
23 36 aereo 0 100 800 0 0 60 15971
23 37 aereo 0 100 800 0 0 60 7986
23 38 aereo 0 100 800 0 0 60 7103
23 39 aereo 0 100 800 0 0 60 6093
23 40 rodoviario 90 50 60 0 0 0 1628
23 41 rodoviario 90 50 60 0 0 0 1925
24 0 rodoviario 90 50 60 0 0 0 1742
24 0 ferroviario 60 70000 20 0 0 0 1742
24 1 rodoviario 90 50 60 0 0 0 2246
24 2 rodoviario 90 50 60 0 0 0 1429
24 3 rodoviario 90 50 60 0 0 0 1608
24 3 ferroviario 60 70000 20 0 0 0 1608
24 4 rodoviario 90 50 60 0 0 0 559
24 4 ferroviario 60 70000 20 0 0 0 559
24 5 rodoviario 90 50 60 0 0 0 1368
24 5 ferroviario 60 70000 20 0 0 0 1368
24 6 rodoviario 90 50 60 0 0 0 1177
24 6 ferroviario 60 70000 20 0 0 0 1177
24 7 rodoviario 90 50 60 0 0 0 1511
24 7 ferroviario 60 70000 20 0 0 0 1511
24 8 rodoviario 90 50 60 0 0 0 1592
24 8 ferroviario 60 70000 20 0 0 0 1592
24 9 rodoviario 90 50 60 0 0 0 1542
24 9 ferroviario 60 70000 20 0 0 0 1542
24 10 rodoviario 90 50 60 0 0 0 1490
24 10 ferroviario 60 70000 20 0 0 0 1490
24 11 rodoviario 90 50 60 0 0 0 1338
24 11 ferroviario 60 70000 20 0 0 0 1338
24 12 rodoviario 90 50 60 0 0 0 1161
24 13 rodoviario 90 50 60 0 0 0 953
24 13 ferroviario 60 70000 20 0 0 0 953
24 14 rodoviario 90 50 60 1 30 0 555
24 14 ferroviario 60 70000 20 1 30 0 555
24 15 rodoviario 90 50 60 0 0 0 851
24 15 ferroviario 60 70000 20 0 0 0 851
24 16 rodoviario 90 50 60 0 0 0 838
24 16 ferroviario 60 70000 20 0 0 0 838
24 17 rodoviario 90 50 60 0 0 0 785
24 17 ferroviario 60 70000 20 0 0 0 785
24 18 rodoviario 90 50 60 0 0 0 974
24 18 ferroviario 60 70000 20 0 0 0 974
24 19 rodoviario 90 50 60 0 0 0 1180
24 20 rodoviario 90 50 60 0 0 0 1455
24 20 ferroviario 60 70000 20 0 0 0 1455
24 21 rodoviario 90 50 60 0 0 0 794
24 21 ferroviario 60 70000 20 0 0 0 794
24 22 rodoviario 90 50 60 0 0 0 794
24 23 rodoviario 90 50 60 0 0 0 161
24 23 ferroviario 60 70000 20 0 0 0 161
24 25 rodoviario 90 50 60 0 0 0 2104
24 25 aereo 0 100 800 0 0 60 2104
24 26 rodoviario 90 50 60 0 0 0 3403
24 26 aereo 0 100 800 0 0 60 3403
24 27 rodoviario 90 50 60 0 0 0 1319
24 27 aereo 0 100 800 0 0 60 1319
24 28 rodoviario 90 50 60 0 0 0 1157
24 28 aereo 0 100 800 0 0 60 1157
24 29 rodoviario 90 50 60 0 0 0 2862
24 30 rodoviario 90 50 60 0 0 0 2048
24 30 aereo 0 100 800 0 0 60 2048
24 31 rodoviario 90 50 60 0 0 0 2713
24 32 aereo 0 100 800 0 0 60 6128
24 33 aereo 0 100 800 0 0 60 15252
24 34 aereo 0 100 800 0 0 60 7903
24 36 aereo 0 100 800 0 0 60 15929
24 37 aereo 0 100 800 0 0 60 7838
24 38 aereo 0 100 800 0 0 60 6952
24 39 aereo 0 100 800 0 0 60 6153
24 40 rodoviario 90 50 60 0 0 0 1711
24 41 rodoviario 90 50 60 0 0 0 2028
25 0 rodoviario 90 50 60 0 0 0 3147
25 1 rodoviario 90 50 60 0 0 0 3739
25 2 rodoviario 90 50 60 0 0 0 3433
25 3 rodoviario 90 50 60 0 0 0 3523
25 4 rodoviario 90 50 60 0 0 0 2605
25 5 rodoviario 90 50 60 0 0 0 3461
25 6 rodoviario 90 50 60 0 0 0 3280
25 7 rodoviario 90 50 60 0 0 0 3589
25 8 rodoviario 90 50 60 0 0 0 3583
25 9 rodoviario 90 50 60 0 0 0 3497
25 10 rodoviario 90 50 60 0 0 0 3422
25 11 rodoviario 90 50 60 0 0 0 3245
25 12 rodoviario 90 50 60 0 0 0 3063
25 13 rodoviario 90 50 60 0 0 0 2815
25 14 rodoviario 90 50 60 0 0 0 1949
25 15 rodoviario 90 50 60 0 0 0 2143
25 16 rodoviario 90 50 60 0 0 0 1770
25 17 rodoviario 90 50 60 0 0 0 1506
25 18 rodoviario 90 50 60 0 0 0 1208
25 19 rodoviario 90 50 60 0 0 0 1097
25 20 rodoviario 90 50 60 0 0 0 759
25 21 rodoviario 90 50 60 0 0 0 1451
25 22 rodoviario 90 50 60 0 0 0 1909
25 23 rodoviario 90 50 60 0 0 0 1966
25 24 rodoviario 90 50 60 0 0 0 2104
25 26 rodoviario 90 50 60 0 0 0 3918
25 26 aquaviario 45 1000 40 0 0 6000 3918
25 26 aereo 0 100 800 0 0 60 3918
25 27 rodoviario 90 50 60 0 0 0 932
25 27 aquaviario 45 1000 40 0 0 6000 932
25 27 aereo 0 100 800 0 0 60 932
25 28 rodoviario 90 50 60 0 0 0 966
25 28 aquaviario 45 1000 40 0 0 6000 966
25 28 aereo 0 100 800 0 0 60 966
25 29 rodoviario 90 50 60 0 0 0 2824
25 30 rodoviario 90 50 60 0 0 0 182
25 30 aquaviario 45 1000 40 0 0 6000 182
25 30 aereo 0 100 800 0 0 60 182
25 31 rodoviario 90 50 60 0 0 0 1029
25 32 aereo 0 100 800 0 0 60 7643
25 32 aquaviario 45 1000 40 0 0 6000 7643
25 33 aereo 0 100 800 0 0 60 17352
25 33 aquaviario 45 1000 40 0 0 6000 17352
25 34 aereo 0 100 800 0 0 60 10003
25 34 aquaviario 45 1000 40 0 0 6000 10003
25 36 aereo 0 100 800 0 0 60 16545
25 36 aquaviario 45 1000 40 0 0 6000 16545
25 37 aereo 0 100 800 0 0 60 9929
25 37 aquaviario 45 1000 40 0 0 6000 9929
25 38 aereo 0 100 800 0 0 60 9027
25 38 aquaviario 45 1000 40 0 0 6000 9027
25 39 aereo 0 100 800 0 0 60 6644
25 39 aquaviario 45 1000 40 0 0 6000 6644
25 40 rodoviario 90 50 60 0 0 0 2627
25 41 rodoviario 90 50 60 0 0 0 2603
26 0 rodoviario 90 50 60 0 0 0 1870
26 1 rodoviario 90 50 60 0 0 0 1807
26 2 rodoviario 90 50 60 0 0 0 3006
26 3 rodoviario 90 50 60 0 0 0 2747
26 4 rodoviario 90 50 60 0 0 0 3167
26 5 rodoviario 90 50 60 0 0 0 3441
26 6 rodoviario 90 50 60 0 0 0 3605
26 7 rodoviario 90 50 60 0 0 0 4016
26 8 rodoviario 90 50 60 0 0 0 4364
26 9 rodoviario 90 50 60 0 0 0 4415
26 10 rodoviario 90 50 60 0 0 0 4425
26 11 rodoviario 90 50 60 0 0 0 4368
26 12 rodoviario 90 50 60 0 0 0 4261
26 13 rodoviario 90 50 60 0 0 0 4171
26 14 rodoviario 90 50 60 0 0 0 3916
26 15 rodoviario 90 50 60 0 0 0 4246
26 16 rodoviario 90 50 60 0 0 0 4117
26 17 rodoviario 90 50 60 0 0 0 3875
26 18 rodoviario 90 50 60 0 0 0 3787
26 19 rodoviario 90 50 60 0 0 0 3970
26 20 rodoviario 90 50 60 0 0 0 3952
26 21 rodoviario 90 50 60 0 0 0 3092
26 22 rodoviario 90 50 60 0 0 0 2695
26 23 rodoviario 90 50 60 0 0 0 3322
26 24 rodoviario 90 50 60 0 0 0 3403
26 25 rodoviario 90 50 60 0 0 0 3918
26 25 aquaviario 45 1000 40 0 0 6000 3918
26 25 aereo 0 100 800 0 0 60 3918
26 27 rodoviario 90 50 60 0 0 0 3215
26 27 aquaviario 45 1000 40 0 0 6000 3215
26 27 aereo 0 100 800 0 0 60 3215
26 28 rodoviario 90 50 60 0 0 0 3422
26 28 aquaviario 45 1000 40 0 0 6000 3422
26 28 aereo 0 100 800 0 0 60 3422
26 29 rodoviario 90 50 60 0 0 0 1191
26 30 rodoviario 90 50 60 0 0 0 4042
26 30 aquaviario 45 1000 40 0 0 6000 4042
26 30 aereo 0 100 800 0 0 60 4042
26 31 rodoviario 90 50 60 0 0 0 3399
26 32 aereo 0 100 800 0 0 60 4091
26 32 aquaviario 45 1000 40 0 0 6000 4091
26 33 aereo 0 100 800 0 0 60 13831
26 33 aquaviario 45 1000 40 0 0 6000 13831
26 34 aereo 0 100 800 0 0 60 8303
26 34 aquaviario 45 1000 40 0 0 6000 8303
26 36 aereo 0 100 800 0 0 60 13012
26 36 aquaviario 45 1000 40 0 0 6000 13012
26 37 aereo 0 100 800 0 0 60 8421
26 37 aquaviario 45 1000 40 0 0 6000 8421
26 38 aereo 0 100 800 0 0 60 7870
26 38 aquaviario 45 1000 40 0 0 6000 7870
26 39 aereo 0 100 800 0 0 60 2820
26 39 aquaviario 45 1000 40 0 0 6000 2820
26 40 rodoviario 90 50 60 0 0 0 1694
26 41 rodoviario 90 50 60 0 0 0 1447
27 0 rodoviario 90 50 60 0 0 0 2225
27 1 rodoviario 90 50 60 0 0 0 2818
27 2 rodoviario 90 50 60 0 0 0 2536
27 3 rodoviario 90 50 60 0 0 0 2605
27 4 rodoviario 90 50 60 0 0 0 1748
27 5 rodoviario 90 50 60 0 0 0 2614
27 6 rodoviario 90 50 60 0 0 0 2469
27 7 rodoviario 90 50 60 0 0 0 2829
27 8 rodoviario 90 50 60 0 0 0 2899
27 9 rodoviario 90 50 60 0 0 0 2836
27 10 rodoviario 90 50 60 0 0 0 2774
27 11 rodoviario 90 50 60 0 0 0 2608
27 12 rodoviario 90 50 60 0 0 0 2424
27 13 rodoviario 90 50 60 0 0 0 2187
27 14 rodoviario 90 50 60 0 0 0 1378
27 15 rodoviario 90 50 60 0 0 0 1677
27 16 rodoviario 90 50 60 0 0 0 1345
27 17 rodoviario 90 50 60 0 0 0 1020
27 18 rodoviario 90 50 60 0 0 0 760
27 19 rodoviario 90 50 60 0 0 0 850
27 20 rodoviario 90 50 60 0 0 0 741
27 21 rodoviario 90 50 60 0 0 0 558
27 22 rodoviario 90 50 60 0 0 0 978
27 23 rodoviario 90 50 60 0 0 0 1163
27 24 rodoviario 90 50 60 0 0 0 1319
27 25 rodoviario 90 50 60 0 0 0 932
27 25 aquaviario 45 1000 40 0 0 6000 932
27 25 aereo 0 100 800 0 0 60 932
27 26 rodoviario 90 50 60 0 0 0 3215
27 26 aquaviario 45 1000 40 0 0 6000 3215
27 26 aereo 0 100 800 0 0 60 3215
27 28 rodoviario 90 50 60 0 0 0 276
27 28 aquaviario 45 1000 40 0 0 6000 276
27 28 aereo 0 100 800 0 0 60 276
27 29 rodoviario 90 50 60 0 0 0 2264
27 30 rodoviario 90 50 60 0 0 0 966
27 30 aquaviario 45 1000 40 0 0 6000 966
27 30 aereo 0 100 800 0 0 60 966
27 31 rodoviario 90 50 60 0 0 0 1397
27 32 aereo 0 100 800 0 0 60 6749
27 32 aquaviario 45 1000 40 0 0 6000 6749
27 33 aereo 0 100 800 0 0 60 16479
27 33 aquaviario 45 1000 40 0 0 6000 16479
27 34 aereo 0 100 800 0 0 60 9182
27 34 aquaviario 45 1000 40 0 0 6000 9182
27 36 aereo 0 100 800 0 0 60 16212
27 36 aquaviario 45 1000 40 0 0 6000 16212
27 37 aereo 0 100 800 0 0 60 9133
27 37 aquaviario 45 1000 40 0 0 6000 9133
27 38 aereo 0 100 800 0 0 60 8260
27 38 aquaviario 45 1000 40 0 0 6000 8260
27 39 aereo 0 100 800 0 0 60 6020
27 39 aquaviario 45 1000 40 0 0 6000 6020
27 40 rodoviario 90 50 60 0 0 0 1751
27 41 rodoviario 90 50 60 0 0 0 1805
28 0 rodoviario 90 50 60 0 0 0 2294
28 1 rodoviario 90 50 60 0 0 0 2884
28 2 rodoviario 90 50 60 0 0 0 2469
28 3 rodoviario 90 50 60 0 0 0 2570
28 4 rodoviario 90 50 60 0 0 0 1640
28 5 rodoviario 90 50 60 0 0 0 2500
28 6 rodoviario 90 50 60 0 0 0 2331
28 7 rodoviario 90 50 60 0 0 0 2664
28 8 rodoviario 90 50 60 0 0 0 2704
28 9 rodoviario 90 50 60 0 0 0 2633
28 10 rodoviario 90 50 60 0 0 0 2567
28 11 rodoviario 90 50 60 0 0 0 2396
28 12 rodoviario 90 50 60 0 0 0 2211
28 13 rodoviario 90 50 60 0 0 0 1969
28 14 rodoviario 90 50 60 0 0 0 1135
28 15 rodoviario 90 50 60 0 0 0 1419
28 16 rodoviario 90 50 60 0 0 0 1077
28 17 rodoviario 90 50 60 0 0 0 753
28 18 rodoviario 90 50 60 0 0 0 485
28 19 rodoviario 90 50 60 0 0 0 584
28 20 rodoviario 90 50 60 0 0 0 543
28 21 rodoviario 90 50 60 0 0 0 503
28 22 rodoviario 90 50 60 0 0 0 998
28 23 rodoviario 90 50 60 0 0 0 1011
28 24 rodoviario 90 50 60 0 0 0 1157
28 25 rodoviario 90 50 60 0 0 0 966
28 25 aquaviario 45 1000 40 0 0 6000 966
28 25 aereo 0 100 800 0 0 60 966
28 26 rodoviario 90 50 60 0 0 0 3422
28 26 aquaviario 45 1000 40 0 0 6000 3422
28 26 aereo 0 100 800 0 0 60 3422
28 27 rodoviario 90 50 60 0 0 0 276
28 27 aquaviario 45 1000 40 0 0 6000 276
28 27 aereo 0 100 800 0 0 60 276
28 29 rodoviario 90 50 60 0 0 0 2512
28 30 rodoviario 90 50 60 0 0 0 947
28 30 aquaviario 45 1000 40 0 0 6000 947
28 30 aereo 0 100 800 0 0 60 947
28 31 rodoviario 90 50 60 0 0 0 1607
28 32 aereo 0 100 800 0 0 60 6838
28 32 aquaviario 45 1000 40 0 0 6000 6838
28 33 aereo 0 100 800 0 0 60 16400
28 33 aquaviario 45 1000 40 0 0 6000 16400
28 34 aereo 0 100 800 0 0 60 9057
28 34 aquaviario 45 1000 40 0 0 6000 9057
28 36 aereo 0 100 800 0 0 60 16433
28 36 aquaviario 45 1000 40 0 0 6000 16433
28 37 aereo 0 100 800 0 0 60 8996
28 37 aquaviario 45 1000 40 0 0 6000 8996
28 38 aereo 0 100 800 0 0 60 8108
28 38 aquaviario 45 1000 40 0 0 6000 8108
28 39 aereo 0 100 800 0 0 60 6237
28 39 aquaviario 45 1000 40 0 0 6000 6237
28 40 rodoviario 90 50 60 0 0 0 1886
28 41 rodoviario 90 50 60 0 0 0 1990
29 0 rodoviario 90 50 60 0 0 0 1911
29 1 rodoviario 90 50 60 0 0 0 2204
29 2 rodoviario 90 50 60 0 0 0 3028
29 3 rodoviario 90 50 60 0 0 0 2853
29 4 rodoviario 90 50 60 0 0 0 2832
29 5 rodoviario 90 50 60 0 0 0 3397
29 6 rodoviario 90 50 60 0 0 0 3464
29 7 rodoviario 90 50 60 0 0 0 3909
29 8 rodoviario 90 50 60 0 0 0 4186
29 9 rodoviario 90 50 60 0 0 0 4197
29 10 rodoviario 90 50 60 0 0 0 4180
29 11 rodoviario 90 50 60 0 0 0 4075
29 12 rodoviario 90 50 60 0 0 0 3929
29 13 rodoviario 90 50 60 0 0 0 3773
29 14 rodoviario 90 50 60 0 0 0 3280
29 15 rodoviario 90 50 60 0 0 0 3626
29 16 rodoviario 90 50 60 0 0 0 3406
29 17 rodoviario 90 50 60 0 0 0 3114
29 18 rodoviario 90 50 60 0 0 0 2950
29 19 rodoviario 90 50 60 0 0 0 3094
29 20 rodoviario 90 50 60 0 0 0 2998
29 21 rodoviario 90 50 60 0 0 0 2315
29 22 rodoviario 90 50 60 0 0 0 2071
29 23 rodoviario 90 50 60 0 0 0 2737
29 24 rodoviario 90 50 60 0 0 0 2862
29 25 rodoviario 90 50 60 0 0 0 2824
29 25 aquaviario 45 1000 40 0 0 6000 2824
29 25 aereo 0 100 800 0 0 60 2824
29 26 rodoviario 90 50 60 0 0 0 1191
29 26 aquaviario 45 1000 40 0 0 6000 1191
29 26 aereo 0 100 800 0 0 60 1191
29 27 rodoviario 90 50 60 0 0 0 2264
29 27 aquaviario 45 1000 40 0 0 6000 2264
29 27 aereo 0 100 800 0 0 60 2264
29 28 rodoviario 90 50 60 0 0 0 2512
29 28 aquaviario 45 1000 40 0 0 6000 2512
29 28 aereo 0 100 800 0 0 60 2512
29 30 rodoviario 90 50 60 0 0 0 2967
29 30 aquaviario 45 1000 40 0 0 6000 2967
29 30 aereo 0 100 800 0 0 60 2967
29 31 rodoviario 90 50 60 0 0 0 2215
29 32 aereo 0 100 800 0 0 60 5261
29 32 aquaviario 45 1000 40 0 0 6000 5261
29 33 aereo 0 100 800 0 0 60 14997
29 33 aquaviario 45 1000 40 0 0 6000 14997
29 34 aereo 0 100 800 0 0 60 9154
29 34 aquaviario 45 1000 40 0 0 6000 9154
29 36 aereo 0 100 800 0 0 60 13955
29 36 aquaviario 45 1000 40 0 0 6000 13955
29 37 aereo 0 100 800 0 0 60 9228
29 37 aquaviario 45 1000 40 0 0 6000 9228
29 38 aereo 0 100 800 0 0 60 8560
29 38 aquaviario 45 1000 40 0 0 6000 8560
29 39 aereo 0 100 800 0 0 60 3820
29 39 aquaviario 45 1000 40 0 0 6000 3820
29 40 rodoviario 90 50 60 0 0 0 1344
29 41 rodoviario 90 50 60 0 0 0 934
30 0 rodoviario 90 50 60 0 0 0 3191
30 1 rodoviario 90 50 60 0 0 0 3784
30 2 rodoviario 90 50 60 0 0 0 3411
30 3 rodoviario 90 50 60 0 0 0 3516
30 4 rodoviario 90 50 60 0 0 0 2567
30 5 rodoviario 90 50 60 0 0 0 3414
30 6 rodoviario 90 50 60 0 0 0 3221
30 7 rodoviario 90 50 60 0 0 0 3512
30 8 rodoviario 90 50 60 0 0 0 3488
30 9 rodoviario 90 50 60 0 0 0 3397
30 10 rodoviario 90 50 60 0 0 0 3319
30 11 rodoviario 90 50 60 0 0 0 3141
30 12 rodoviario 90 50 60 0 0 0 2961
30 13 rodoviario 90 50 60 0 0 0 2713
30 14 rodoviario 90 50 60 0 0 0 1849
30 15 rodoviario 90 50 60 0 0 0 2022
30 16 rodoviario 90 50 60 0 0 0 1650
30 17 rodoviario 90 50 60 0 0 0 1404
30 18 rodoviario 90 50 60 0 0 0 1116
30 19 rodoviario 90 50 60 0 0 0 980
30 20 rodoviario 90 50 60 0 0 0 641
30 21 rodoviario 90 50 60 0 0 0 1446
30 22 rodoviario 90 50 60 0 0 0 1925
30 23 rodoviario 90 50 60 0 0 0 1919
30 24 rodoviario 90 50 60 0 0 0 2048
30 25 rodoviario 90 50 60 0 0 0 182
30 25 aquaviario 45 1000 40 0 0 6000 182
30 25 aereo 0 100 800 0 0 60 182
30 26 rodoviario 90 50 60 0 0 0 4042
30 26 aquaviario 45 1000 40 0 0 6000 4042
30 26 aereo 0 100 800 0 0 60 4042
30 27 rodoviario 90 50 60 0 0 0 966
30 27 aquaviario 45 1000 40 0 0 6000 966
30 27 aereo 0 100 800 0 0 60 966
30 28 rodoviario 90 50 60 0 0 0 947
30 28 aquaviario 45 1000 40 0 0 6000 947
30 28 aereo 0 100 800 0 0 60 947
30 29 rodoviario 90 50 60 0 0 0 2967
30 31 rodoviario 90 50 60 0 0 0 1210
30 32 aereo 0 100 800 0 0 60 7710
30 32 aquaviario 45 1000 40 0 0 6000 7710
30 33 aereo 0 100 800 0 0 60 17255
30 33 aquaviario 45 1000 40 0 0 6000 17255
30 34 aereo 0 100 800 0 0 60 9930
30 34 aquaviario 45 1000 40 0 0 6000 9930
30 36 aereo 0 100 800 0 0 60 16727
30 36 aquaviario 45 1000 40 0 0 6000 16727
30 37 aereo 0 100 800 0 0 60 9848
30 37 aquaviario 45 1000 40 0 0 6000 9848
30 38 aereo 0 100 800 0 0 60 8938
30 38 aquaviario 45 1000 40 0 0 6000 8938
30 39 aereo 0 100 800 0 0 60 6787
30 39 aquaviario 45 1000 40 0 0 6000 6787
30 40 rodoviario 90 50 60 0 0 0 2699
30 41 rodoviario 90 50 60 0 0 0 2700
31 0 rodoviario 90 50 60 0 0 0 3186
31 1 rodoviario 90 50 60 0 0 0 3738
31 2 rodoviario 90 50 60 0 0 0 3810
31 3 rodoviario 90 50 60 0 0 0 3816
31 4 rodoviario 90 50 60 0 0 0 3100
31 5 rodoviario 90 50 60 0 0 0 3956
31 6 rodoviario 90 50 60 0 0 0 3840
31 7 rodoviario 90 50 60 0 0 0 4217
31 8 rodoviario 90 50 60 0 0 0 4295
31 9 rodoviario 90 50 60 0 0 0 4232
31 10 rodoviario 90 50 60 0 0 0 4168
31 11 rodoviario 90 50 60 0 0 0 4000
31 12 rodoviario 90 50 60 0 0 0 3816
31 13 rodoviario 90 50 60 0 0 0 3575
31 14 rodoviario 90 50 60 0 0 0 2738
31 15 rodoviario 90 50 60 0 0 0 3001
31 16 rodoviario 90 50 60 0 0 0 2637
31 17 rodoviario 90 50 60 0 0 0 2328
31 18 rodoviario 90 50 60 0 0 0 2028
31 19 rodoviario 90 50 60 0 0 0 1995
31 20 rodoviario 90 50 60 0 0 0 1691
31 21 rodoviario 90 50 60 0 0 0 1928
31 22 rodoviario 90 50 60 0 0 0 2217
31 23 rodoviario 90 50 60 0 0 0 2554
31 24 rodoviario 90 50 60 0 0 0 2713
31 25 rodoviario 90 50 60 0 0 0 1029
31 25 aquaviario 45 1000 40 0 0 6000 1029
31 25 aereo 0 100 800 0 0 60 1029
31 26 rodoviario 90 50 60 0 0 0 3399
31 26 aquaviario 45 1000 40 0 0 6000 3399
31 26 aereo 0 100 800 0 0 60 3399
31 27 rodoviario 90 50 60 0 0 0 1397
31 27 aquaviario 45 1000 40 0 0 6000 1397
31 27 aereo 0 100 800 0 0 60 1397
31 28 rodoviario 90 50 60 0 0 0 1607
31 28 aquaviario 45 1000 40 0 0 6000 1607
31 28 aereo 0 100 800 0 0 60 1607
31 29 rodoviario 90 50 60 0 0 0 2215
31 30 rodoviario 90 50 60 0 0 0 1210
31 30 aquaviario 45 1000 40 0 0 6000 1210
31 30 aereo 0 100 800 0 0 60 1210
31 32 aereo 0 100 800 0 0 60 7395
31 32 aquaviario 45 1000 40 0 0 6000 7395
31 33 aereo 0 100 800 0 0 60 17168
31 33 aquaviario 45 1000 40 0 0 6000 17168
31 34 aereo 0 100 800 0 0 60 10496
31 34 aquaviario 45 1000 40 0 0 6000 10496
31 36 aereo 0 100 800 0 0 60 15520
31 36 aquaviario 45 1000 40 0 0 6000 15520
31 37 aereo 0 100 800 0 0 60 10471
31 37 aquaviario 45 1000 40 0 0 6000 10471
31 38 aereo 0 100 800 0 0 60 9621
31 38 aquaviario 45 1000 40 0 0 6000 9621
31 39 aereo 0 100 800 0 0 60 5934
31 39 aquaviario 45 1000 40 0 0 6000 5934
31 40 rodoviario 90 50 60 0 0 0 2541
31 41 rodoviario 90 50 60 0 0 0 2353
32 25 aquaviario 45 1000 40 0 0 6000 7643
32 25 aereo 0 100 800 0 0 60 7643
32 26 aquaviario 45 1000 40 0 0 6000 4091
32 26 aereo 0 100 800 0 0 60 4091
32 27 aquaviario 45 1000 40 0 0 6000 6749
32 27 aereo 0 100 800 0 0 60 6749
32 28 aquaviario 45 1000 40 0 0 6000 6838
32 28 aereo 0 100 800 0 0 60 6838
32 30 aquaviario 45 1000 40 0 0 6000 7710
32 30 aereo 0 100 800 0 0 60 7710
32 33 aereo 0 100 800 0 0 60 9929
32 33 aquaviario 45 1000 40 0 0 6000 9929
32 34 aereo 0 100 800 0 0 60 5033
32 34 aquaviario 45 1000 40 0 0 6000 5033
32 36 aereo 0 100 800 0 0 60 9807
32 36 aquaviario 45 1000 40 0 0 6000 9807
32 37 aereo 0 100 800 0 0 60 5274
32 37 aquaviario 45 1000 40 0 0 6000 5274
32 38 aereo 0 100 800 0 0 60 5210
32 38 aquaviario 45 1000 40 0 0 6000 5210
32 39 aereo 0 100 800 0 0 60 3023
32 39 aquaviario 45 1000 40 0 0 6000 3023
33 25 aquaviario 45 1000 40 0 0 6000 17352
33 25 aereo 0 100 800 0 0 60 17352
33 26 aquaviario 45 1000 40 0 0 6000 13831
33 26 aereo 0 100 800 0 0 60 13831
33 27 aquaviario 45 1000 40 0 0 6000 16479
33 27 aereo 0 100 800 0 0 60 16479
33 28 aquaviario 45 1000 40 0 0 6000 16400
33 28 aereo 0 100 800 0 0 60 16400
33 30 aquaviario 45 1000 40 0 0 6000 17255
33 30 aereo 0 100 800 0 0 60 17255
33 32 aereo 0 100 800 0 0 60 9929
33 32 aquaviario 45 1000 40 0 0 6000 9929
33 34 aereo 0 100 800 0 0 60 7350
33 34 aquaviario 45 1000 40 0 0 6000 7350
33 36 aereo 0 100 800 0 0 60 1903
33 36 aquaviario 45 1000 40 0 0 6000 1903
33 37 aereo 0 100 800 0 0 60 7423
33 37 aquaviario 45 1000 40 0 0 6000 7423
33 38 aereo 0 100 800 0 0 60 8327
33 38 aquaviario 45 1000 40 0 0 6000 8327
33 39 aereo 0 100 800 0 0 60 11239
33 39 aquaviario 45 1000 40 0 0 6000 11239
34 0 rodoviario 90 50 60 0 0 0 7443
34 1 rodoviario 90 50 60 0 0 0 6995
34 2 rodoviario 90 50 60 0 0 0 6686
34 3 rodoviario 90 50 60 0 0 0 6692
34 4 rodoviario 90 50 60 0 0 0 7434
34 5 rodoviario 90 50 60 0 0 0 6568
34 6 rodoviario 90 50 60 0 0 0 6727
34 7 rodoviario 90 50 60 0 0 0 6418
34 8 rodoviario 90 50 60 0 0 0 6469
34 9 rodoviario 90 50 60 0 0 0 6573
34 10 rodoviario 90 50 60 0 0 0 6658
34 11 rodoviario 90 50 60 0 0 0 6837
34 12 rodoviario 90 50 60 0 0 0 7007
34 13 rodoviario 90 50 60 0 0 0 7250
34 14 rodoviario 90 50 60 0 0 0 8097
34 15 rodoviario 90 50 60 0 0 0 7990
34 16 rodoviario 90 50 60 0 0 0 8338
34 17 rodoviario 90 50 60 0 0 0 8537
34 18 rodoviario 90 50 60 0 0 0 8815
34 19 rodoviario 90 50 60 0 0 0 8973
34 20 rodoviario 90 50 60 0 0 0 9300
34 21 rodoviario 90 50 60 0 0 0 8624
34 22 rodoviario 90 50 60 0 0 0 8281
34 23 rodoviario 90 50 60 0 0 0 8046
34 24 rodoviario 90 50 60 0 0 0 7903
34 25 rodoviario 90 50 60 0 0 0 10003
34 25 aquaviario 45 1000 40 0 0 6000 10003
34 25 aereo 0 100 800 0 0 60 10003
34 26 rodoviario 90 50 60 0 0 0 8303
34 26 aquaviario 45 1000 40 0 0 6000 8303
34 26 aereo 0 100 800 0 0 60 8303
34 27 rodoviario 90 50 60 0 0 0 9182
34 27 aquaviario 45 1000 40 0 0 6000 9182
34 27 aereo 0 100 800 0 0 60 9182
34 28 rodoviario 90 50 60 0 0 0 9057
34 28 aquaviario 45 1000 40 0 0 6000 9057
34 28 aereo 0 100 800 0 0 60 9057
34 29 rodoviario 90 50 60 0 0 0 9154
34 30 rodoviario 90 50 60 0 0 0 9930
34 30 aquaviario 45 1000 40 0 0 6000 9930
34 30 aereo 0 100 800 0 0 60 9930
34 31 rodoviario 90 50 60 0 0 0 10496
34 32 aereo 0 100 800 0 0 60 5033
34 32 aquaviario 45 1000 40 0 0 6000 5033
34 33 aereo 0 100 800 0 0 60 7350
34 33 aquaviario 45 1000 40 0 0 6000 7350
34 36 aereo 0 100 800 0 0 60 8643
34 36 aquaviario 45 1000 40 0 0 6000 8643
34 37 aereo 0 100 800 0 0 60 312
34 37 aquaviario 45 1000 40 0 0 6000 312
34 38 aereo 0 100 800 0 0 60 1140
34 38 aquaviario 45 1000 40 0 0 6000 1140
34 39 aereo 0 100 800 0 0 60 8055
34 39 aquaviario 45 1000 40 0 0 6000 8055
34 40 rodoviario 90 50 60 0 0 0 8123
34 41 rodoviario 90 50 60 0 0 0 8449
35 25 aquaviario 45 1000 40 0 0 6000 10648
35 25 aereo 0 100 800 0 0 60 10648
35 26 aquaviario 45 1000 40 0 0 6000 12267
35 26 aereo 0 100 800 0 0 60 12267
35 27 aquaviario 45 1000 40 0 0 6000 11514
35 27 aereo 0 100 800 0 0 60 11514
35 28 aquaviario 45 1000 40 0 0 6000 11611
35 28 aereo 0 100 800 0 0 60 11611
35 30 aquaviario 45 1000 40 0 0 6000 10698
35 30 aereo 0 100 800 0 0 60 10698
35 32 aereo 0 100 800 0 0 60 14402
35 32 aquaviario 45 1000 40 0 0 6000 14402
35 33 aereo 0 100 800 0 0 60 8037
35 33 aquaviario 45 1000 40 0 0 6000 8037
35 34 aereo 0 100 800 0 0 60 15306
35 34 aquaviario 45 1000 40 0 0 6000 15306
35 36 aereo 0 100 800 0 0 60 7010
35 36 aquaviario 45 1000 40 0 0 6000 7010
35 37 aereo 0 100 800 0 0 60 15282
35 37 aquaviario 45 1000 40 0 0 6000 15282
35 38 aereo 0 100 800 0 0 60 15937
35 38 aquaviario 45 1000 40 0 0 6000 15937
35 39 aereo 0 100 800 0 0 60 11683
35 39 aquaviario 45 1000 40 0 0 6000 11683
36 25 aquaviario 45 1000 40 0 0 6000 16545
36 25 aereo 0 100 800 0 0 60 16545
36 26 aquaviario 45 1000 40 0 0 6000 13012
36 26 aereo 0 100 800 0 0 60 13012
36 27 aquaviario 45 1000 40 0 0 6000 16212
36 27 aereo 0 100 800 0 0 60 16212
36 28 aquaviario 45 1000 40 0 0 6000 16433
36 28 aereo 0 100 800 0 0 60 16433
36 30 aquaviario 45 1000 40 0 0 6000 16727
36 30 aereo 0 100 800 0 0 60 16727
36 32 aereo 0 100 800 0 0 60 9807
36 32 aquaviario 45 1000 40 0 0 6000 9807
36 33 aereo 0 100 800 0 0 60 1903
36 33 aquaviario 45 1000 40 0 0 6000 1903
36 34 aereo 0 100 800 0 0 60 8643
36 34 aquaviario 45 1000 40 0 0 6000 8643
36 37 aereo 0 100 800 0 0 60 8787
36 37 aquaviario 45 1000 40 0 0 6000 8787
36 38 aereo 0 100 800 0 0 60 9730
36 38 aquaviario 45 1000 40 0 0 6000 9730
36 39 aereo 0 100 800 0 0 60 10197
36 39 aquaviario 45 1000 40 0 0 6000 10197
37 25 aquaviario 45 1000 40 0 0 6000 9929
37 25 aereo 0 100 800 0 0 60 9929
37 26 aquaviario 45 1000 40 0 0 6000 8421
37 26 aereo 0 100 800 0 0 60 8421
37 27 aquaviario 45 1000 40 0 0 6000 9133
37 27 aereo 0 100 800 0 0 60 9133
37 28 aquaviario 45 1000 40 0 0 6000 8996
37 28 aereo 0 100 800 0 0 60 8996
37 30 aquaviario 45 1000 40 0 0 6000 9848
37 30 aereo 0 100 800 0 0 60 9848
37 32 aereo 0 100 800 0 0 60 5274
37 32 aquaviario 45 1000 40 0 0 6000 5274
37 33 aereo 0 100 800 0 0 60 7423
37 33 aquaviario 45 1000 40 0 0 6000 7423
37 34 aereo 0 100 800 0 0 60 312
37 34 aquaviario 45 1000 40 0 0 6000 312
37 36 aereo 0 100 800 0 0 60 8787
37 36 aquaviario 45 1000 40 0 0 6000 8787
37 38 aereo 0 100 800 0 0 60 946
37 38 aquaviario 45 1000 40 0 0 6000 946
37 39 aereo 0 100 800 0 0 60 8297
37 39 aquaviario 45 1000 40 0 0 6000 8297
38 25 aquaviario 45 1000 40 0 0 6000 9027
38 25 aereo 0 100 800 0 0 60 9027
38 26 aquaviario 45 1000 40 0 0 6000 7870
38 26 aereo 0 100 800 0 0 60 7870
38 27 aquaviario 45 1000 40 0 0 6000 8260
38 27 aereo 0 100 800 0 0 60 8260
38 28 aquaviario 45 1000 40 0 0 6000 8108
38 28 aereo 0 100 800 0 0 60 8108
38 30 aquaviario 45 1000 40 0 0 6000 8938
38 30 aereo 0 100 800 0 0 60 8938
38 32 aereo 0 100 800 0 0 60 5210
38 32 aquaviario 45 1000 40 0 0 6000 5210
38 33 aereo 0 100 800 0 0 60 8327
38 33 aquaviario 45 1000 40 0 0 6000 8327
38 34 aereo 0 100 800 0 0 60 1140
38 34 aquaviario 45 1000 40 0 0 6000 1140
38 36 aereo 0 100 800 0 0 60 9730
38 36 aquaviario 45 1000 40 0 0 6000 9730
38 37 aereo 0 100 800 0 0 60 946
38 37 aquaviario 45 1000 40 0 0 6000 946
38 39 aereo 0 100 800 0 0 60 8178
38 39 aquaviario 45 1000 40 0 0 6000 8178
39 25 aquaviario 45 1000 40 0 0 6000 6644
39 25 aereo 0 100 800 0 0 60 6644
39 26 aquaviario 45 1000 40 0 0 6000 2820
39 26 aereo 0 100 800 0 0 60 2820
39 27 aquaviario 45 1000 40 0 0 6000 6020
39 27 aereo 0 100 800 0 0 60 6020
39 28 aquaviario 45 1000 40 0 0 6000 6237
39 28 aereo 0 100 800 0 0 60 6237
39 30 aquaviario 45 1000 40 0 0 6000 6787
39 30 aereo 0 100 800 0 0 60 6787
39 32 aereo 0 100 800 0 0 60 3023
39 32 aquaviario 45 1000 40 0 0 6000 3023
39 33 aereo 0 100 800 0 0 60 11239
39 33 aquaviario 45 1000 40 0 0 6000 11239
39 34 aereo 0 100 800 0 0 60 8055
39 34 aquaviario 45 1000 40 0 0 6000 8055
39 36 aereo 0 100 800 0 0 60 10197
39 36 aquaviario 45 1000 40 0 0 6000 10197
39 37 aereo 0 100 800 0 0 60 8297
39 37 aquaviario 45 1000 40 0 0 6000 8297
39 38 aereo 0 100 800 0 0 60 8178
39 38 aquaviario 45 1000 40 0 0 6000 8178
40 0 rodoviario 90 50 60 0 0 0 680
40 0 ferroviario 60 70000 20 0 0 0 680
40 1 rodoviario 90 50 60 0 0 0 1197
40 2 rodoviario 90 50 60 0 0 0 1694
40 3 rodoviario 90 50 60 0 0 0 1548
40 3 ferroviario 60 70000 20 0 0 0 1548
40 4 rodoviario 90 50 60 0 0 0 1540
40 4 ferroviario 60 70000 20 0 0 0 1540
40 5 rodoviario 90 50 60 0 0 0 2053
40 5 ferroviario 60 70000 20 0 0 0 2053
40 6 rodoviario 90 50 60 0 0 0 2125
40 6 ferroviario 60 70000 20 0 0 0 2125
40 7 rodoviario 90 50 60 0 0 0 2569
40 7 ferroviario 60 70000 20 0 0 0 2569
40 8 rodoviario 90 50 60 0 0 0 2860
40 8 ferroviario 60 70000 20 0 0 0 2860
40 9 rodoviario 90 50 60 0 0 0 2881
40 9 ferroviario 60 70000 20 0 0 0 2881
40 10 rodoviario 90 50 60 0 0 0 2873
40 10 ferroviario 60 70000 20 0 0 0 2873
40 11 rodoviario 90 50 60 0 0 0 2784
40 11 ferroviario 60 70000 20 0 0 0 2784
40 12 rodoviario 90 50 60 0 0 0 2653
40 13 rodoviario 90 50 60 0 0 0 2528
40 13 ferroviario 60 70000 20 0 0 0 2528
40 14 rodoviario 90 50 60 1 30 0 2224
40 14 ferroviario 60 70000 20 1 30 0 2224
40 15 rodoviario 90 50 60 0 0 0 2552
40 15 ferroviario 60 70000 20 0 0 0 2552
40 16 rodoviario 90 50 60 0 0 0 2434
40 16 ferroviario 60 70000 20 0 0 0 2434
40 17 rodoviario 90 50 60 0 0 0 2213
40 17 ferroviario 60 70000 20 0 0 0 2213
40 18 rodoviario 90 50 60 0 0 0 2168
40 18 ferroviario 60 70000 20 0 0 0 2168
40 19 rodoviario 90 50 60 0 0 0 2371
40 20 rodoviario 90 50 60 0 0 0 2429
40 20 ferroviario 60 70000 20 0 0 0 2429
40 21 rodoviario 90 50 60 0 0 0 1468
40 21 ferroviario 60 70000 20 0 0 0 1468
40 22 rodoviario 90 50 60 0 0 0 1019
40 23 rodoviario 90 50 60 0 0 0 1628
40 23 ferroviario 60 70000 20 0 0 0 1628
40 24 rodoviario 90 50 60 0 0 0 1711
40 24 ferroviario 60 70000 20 0 0 0 1711
40 25 rodoviario 90 50 60 0 0 0 2627
40 25 aereo 0 100 800 0 0 60 2627
40 26 rodoviario 90 50 60 0 0 0 1694
40 26 aereo 0 100 800 0 0 60 1694
40 27 rodoviario 90 50 60 0 0 0 1751
40 27 aereo 0 100 800 0 0 60 1751
40 28 rodoviario 90 50 60 0 0 0 1886
40 28 aereo 0 100 800 0 0 60 1886
40 29 rodoviario 90 50 60 0 0 0 1344
40 30 rodoviario 90 50 60 0 0 0 2699
40 30 aereo 0 100 800 0 0 60 2699
40 31 rodoviario 90 50 60 0 0 0 2541
40 32 aereo 0 100 800 0 0 60 5016
40 33 aereo 0 100 800 0 0 60 14912
40 34 aereo 0 100 800 0 0 60 8123
40 36 aereo 0 100 800 0 0 60 14588
40 37 aereo 0 100 800 0 0 60 8152
40 38 aereo 0 100 800 0 0 60 7402
40 39 aereo 0 100 800 0 0 60 4479
40 41 rodoviario 90 50 60 0 0 0 411
41 0 rodoviario 90 50 60 0 0 0 1035
41 0 ferroviario 60 70000 20 0 0 0 1035
41 1 rodoviario 90 50 60 0 0 0 1462
41 2 rodoviario 90 50 60 0 0 0 2103
41 3 rodoviario 90 50 60 0 0 0 1946
41 3 ferroviario 60 70000 20 0 0 0 1946
41 4 rodoviario 90 50 60 0 0 0 1922
41 4 ferroviario 60 70000 20 0 0 0 1922
41 5 rodoviario 90 50 60 0 0 0 2464
41 5 ferroviario 60 70000 20 0 0 0 2464
41 6 rodoviario 90 50 60 0 0 0 2531
41 6 ferroviario 60 70000 20 0 0 0 2531
41 7 rodoviario 90 50 60 0 0 0 2977
41 7 ferroviario 60 70000 20 0 0 0 2977
41 8 rodoviario 90 50 60 0 0 0 3260
41 8 ferroviario 60 70000 20 0 0 0 3260
41 9 rodoviario 90 50 60 0 0 0 3277
41 9 ferroviario 60 70000 20 0 0 0 3277
41 10 rodoviario 90 50 60 0 0 0 3264
41 10 ferroviario 60 70000 20 0 0 0 3264
41 11 rodoviario 90 50 60 0 0 0 3169
41 11 ferroviario 60 70000 20 0 0 0 3169
41 12 rodoviario 90 50 60 0 0 0 3030
41 13 rodoviario 90 50 60 0 0 0 2892
41 13 ferroviario 60 70000 20 0 0 0 2892
41 14 rodoviario 90 50 60 1 30 0 2507
41 14 ferroviario 60 70000 20 1 30 0 2507
41 15 rodoviario 90 50 60 0 0 0 2846
41 15 ferroviario 60 70000 20 0 0 0 2846
41 16 rodoviario 90 50 60 0 0 0 2686
41 16 ferroviario 60 70000 20 0 0 0 2686
41 17 rodoviario 90 50 60 0 0 0 2433
41 17 ferroviario 60 70000 20 0 0 0 2433
41 18 rodoviario 90 50 60 0 0 0 2341
41 18 ferroviario 60 70000 20 0 0 0 2341
41 19 rodoviario 90 50 60 0 0 0 2526
41 20 rodoviario 90 50 60 0 0 0 2528
41 20 ferroviario 60 70000 20 0 0 0 2528
41 21 rodoviario 90 50 60 0 0 0 1645
41 21 ferroviario 60 70000 20 0 0 0 1645
41 22 rodoviario 90 50 60 0 0 0 1272
41 23 rodoviario 90 50 60 0 0 0 1925
41 23 ferroviario 60 70000 20 0 0 0 1925
41 24 rodoviario 90 50 60 0 0 0 2028
41 24 ferroviario 60 70000 20 0 0 0 2028
41 25 rodoviario 90 50 60 0 0 0 2603
41 25 aereo 0 100 800 0 0 60 2603
41 26 rodoviario 90 50 60 0 0 0 1447
41 26 aereo 0 100 800 0 0 60 1447
41 27 rodoviario 90 50 60 0 0 0 1805
41 27 aereo 0 100 800 0 0 60 1805
41 28 rodoviario 90 50 60 0 0 0 1990
41 28 aereo 0 100 800 0 0 60 1990
41 29 rodoviario 90 50 60 0 0 0 934
41 30 rodoviario 90 50 60 0 0 0 2700
41 30 aereo 0 100 800 0 0 60 2700
41 31 rodoviario 90 50 60 0 0 0 2353
41 32 aereo 0 100 800 0 0 60 5083
41 33 aereo 0 100 800 0 0 60 15012
41 34 aereo 0 100 800 0 0 60 8449
41 36 aereo 0 100 800 0 0 60 14448
41 37 aereo 0 100 800 0 0 60 8491
41 38 aereo 0 100 800 0 0 60 7764
41 39 aereo 0 100 800 0 0 60 4266
41 40 rodoviario 90 50 60 0 0 0 411